57,1545,317.14,194.29,234.29,571.43,40.571
57,1545,282.31,372.31,63.077,153.85,4.8033
57,1546,265.07,180.95,195.59,477.04,29.01
57,1546,303.28,276.19,195.59,477.04,12.56
57,1547,245.97,161.9,195.59,477.04,60.629
57,1548,260,298.18,149.09,363.64,41.444
57,1548,244.62,178.46,126.15,307.69,9.976
57,1549,222,296,164,400,32.398
57,1549,201.82,196.36,149.09,363.64,10.639
57,1550,243.4,359.32,139.35,339.88,27.725
57,1550,171.54,353.85,63.077,153.85,23.906
57,1551,190,353.85,63.077,153.85,44.432
57,1551,254,296,164,400,39.817
57,1551,388.97,282.57,75.336,183.75,6.0254
57,1552,254,296,164,400,30.566
57,1552,208,326.05,68.997,168.29,7.3877
57,1553,274.55,341.82,149.09,363.64,51.622
57,1554,265.81,194.87,211.1,514.87,26.718
57,1556,431.43,217.14,234.29,571.43,51.017
57,1557,477.14,217.14,234.29,571.43,43.748
57,1558,554.84,276.92,211.1,514.87,56.801
57,1559,596.13,297.44,211.1,514.87,41.998
57,1560,585.95,356.52,177.66,433.32,36.799
57,1561,585.95,356.52,177.66,433.32,33.238
57,1562,585.95,356.52,177.66,433.32,28.658
57,1563,585.95,356.52,177.66,433.32,35.189
57,1564,589.85,333.33,195.59,477.04,42.271
57,1565,575.48,297.44,211.1,514.87,46.696
57,1566,596.13,276.92,211.1,514.87,43.6
57,1566,532.54,333.33,195.59,477.04,7.4222
57,1567,596.13,276.92,211.1,514.87,33.662
57,1568,570.75,333.33,195.59,477.04,15.79
57,1569,575.48,276.92,211.1,514.87,20.114
57,1570,596.13,297.44,211.1,514.87,5.7674
57,1571,637.42,297.44,211.1,514.87,17.191
57,1572,720,276.92,211.1,514.87,24.512
57,1573,838.21,314.29,195.59,477.04,22.74
57,1574,933.73,314.29,195.59,477.04,31.396
57,1575,983.78,339.13,177.66,433.32,7.2989
57,1576,1150,292.31,63.077,153.85,20.556
57,1576,1001.1,321.74,177.66,433.32,4.6678
57,1577,1079,444,82,200,3.4241
57,1579,921.54,498.46,126.15,307.69,12.043
57,1583,955.4,620.18,75.336,183.75,3.2672
57,1671,677.01,461.9,97.8,238.54,20.589
57,1671,746.9,524.82,58.092,141.69,18.359
57,1671,679.5,318,41,100,11.552
57,1672,704.22,578.26,89.208,217.58,38.676
57,1672,771.5,638,41,100,13.934
57,1672,622,248,164,400,8.8491
57,1672,699.61,62.5,256.89,626.57,3.5637
57,1673,614.29,102.86,234.29,571.43,27.108
57,1673,740.65,276.92,211.1,514.87,5.0226
57,1674,574.12,137.5,256.89,626.57,72.401
57,1674,743.33,120,273.33,666.67,18.514
57,1674,548.67,212.77,58.092,141.69,14.424
57,1674,1014.3,554.13,75.336,183.75,3.0862
57,1675,476.67,146.67,273.33,666.67,52.934
57,1675,716.67,120,273.33,666.67,48.33
57,1675,361.82,370.91,149.09,363.64,23.507
57,1675,1038,392,164,400,4.832
57,1676,663.33,120,273.33,666.67,58.811
57,1676,289.09,429.09,149.09,363.64,23.8
57,1676,1009,276.92,211.1,514.87,22.587
57,1677,624.31,162.5,256.89,626.57,66.892
57,1677,456.12,314.29,195.59,477.04,11.906
57,1677,1009,297.44,211.1,514.87,9.2835
57,1677,348.39,276.92,211.1,514.87,8.8485
57,1678,624.31,162.5,256.89,626.57,42.302
57,1678,1009,297.44,211.1,514.87,28.128
57,1678,476.42,319.05,97.8,238.54,17.718
57,1678,1130.8,264.62,126.15,307.69,7.8501
57,1678,855.91,73.81,48.788,118.99,7.0363
57,1679,564.62,350.77,126.15,307.69,13.537
57,1679,1126,442.86,97.8,238.54,8.3732
57,1680,759,484,82,200,22.514
57,1681,690,146.67,273.33,666.67,13.024
57,1682,878,408,164,400,27.193
57,1682,663.33,120,273.33,666.67,16.923
57,1683,716.67,146.67,273.33,666.67,25.257
57,1684,774.9,162.5,256.89,626.57,35.472
57,1684,672.43,356.52,177.66,433.32,6.8179
57,1685,724.71,162.5,256.89,626.57,47.069
57,1686,624.31,187.5,256.89,626.57,39.943
57,1687,637.14,240,234.29,571.43,23.828
57,1687,595.5,586,41,100,16.24
57,1687,587.59,466.06,75.336,183.75,8.6697
57,1688,649.76,672.73,53.3,130,20.24
57,1688,580.23,612.84,75.336,183.75,5.7908
57,1690,940.69,620.18,75.336,183.75,12.804
57,1694,1156.2,298.46,63.077,153.85,6.7553
57,1779,571.33,564.54,58.092,141.69,6.555
57,1780,540.77,440,63.077,153.85,14.236
57,1780,575.48,297.44,211.1,514.87,4.9936
57,1780,505.07,557.14,97.8,238.54,0.91392
57,1781,473.73,187.5,256.89,626.57,30.184
57,1782,423.53,187.5,256.89,626.57,63.589
57,1783,373.33,187.5,256.89,626.57,58.418
57,1784,298.04,187.5,256.89,626.57,65.862
57,1785,317.14,240,234.29,571.43,38.43
57,1786,454.29,240,234.29,571.43,49.702
57,1786,400,475.32,53.3,130,13.254
57,1787,534.19,276.92,211.1,514.87,15.927
57,1787,490.95,541.18,68.997,168.29,2.0056
57,1788,558,376,164,400,9.2001
57,1789,543.28,490.48,97.8,238.54,14.607
57,1790,556.19,500,89.208,217.58,4.6874
57,1792,603.24,356.52,177.66,433.32,14.729
57,1792,562.39,500,97.8,238.54,9.7372
57,1793,606,376,164,400,3.0554
57,1795,603.24,356.52,177.66,433.32,10.695
57,1795,560.65,483.12,106.6,260.01,7.183
57,1796,556.19,500,89.208,217.58,6.1629
57,1797,562.39,490.48,97.8,238.54,7.6094
57,1798,562.39,500,97.8,238.54,15.379
57,1798,606,328,164,400,3.5418
57,1801,590,376,164,400,13.12
57,1802,568.65,356.52,177.66,433.32,13.649
57,1802,628.06,257.14,195.59,477.04,8.847
57,1803,628.06,314.29,195.59,477.04,6.1313
57,1803,551.64,314.29,195.59,477.04,-0.72527
57,1804,606,344,164,400,21.397
57,1804,564.9,500,89.208,217.58,16.163
57,1805,568.65,356.52,177.66,433.32,18.728
57,1806,568.65,356.52,177.66,433.32,17.34
57,1808,556.19,500,89.208,217.58,15.336
57,1808,628.06,257.14,195.59,477.04,3.1577
57,1809,556.19,500,89.208,217.58,7.142
57,1809,603.24,356.52,177.66,433.32,6.1857
57,1810,564.9,517.39,89.208,217.58,10.862
57,1811,596.13,276.92,211.1,514.87,31.989
57,1812,589.85,295.24,195.59,477.04,30.924
57,1813,596.13,276.92,211.1,514.87,26.736
57,1813,515.38,473.85,126.15,307.69,3.7056
57,1814,616.77,276.92,211.1,514.87,30.013
57,1814,558,376,164,400,12.354
57,1815,575.48,276.92,211.1,514.87,29.554
57,1816,551.35,356.52,177.66,433.32,25.681
57,1816,620.54,269.57,177.66,433.32,16.463
57,1817,558,376,164,400,19.137
57,1817,515.09,501.41,115.24,281.08,2.323
57,1817,628.06,333.33,195.59,477.04,1.4111
57,1818,616.77,297.44,211.1,514.87,19.051
57,1818,551.35,356.52,177.66,433.32,16.699
57,1819,551.35,356.52,177.66,433.32,27.276
57,1819,628.06,314.29,195.59,477.04,15.561
57,1820,616.77,276.92,211.1,514.87,30.299
57,1820,558,376,164,400,13.983
57,1821,616.77,276.92,211.1,514.87,35.756
57,1821,558,392,164,400,9.7928
57,1822,616.77,276.92,211.1,514.87,37.386
57,1822,558,392,164,400,11.985
57,1823,616.77,276.92,211.1,514.87,30.737
57,1823,551.35,356.52,177.66,433.32,10.686
57,1824,628.06,276.19,195.59,477.04,20.344
57,1824,568.65,339.13,177.66,433.32,5.1248
57,1825,628.06,257.14,195.59,477.04,21.568
57,1825,551.35,356.52,177.66,433.32,8.2239
57,1826,637.42,276.92,211.1,514.87,23.384
57,1826,574,376,164,400,13.721
57,1827,616.77,297.44,211.1,514.87,25.944
57,1827,551.35,356.52,177.66,433.32,11.456
57,1828,596.13,297.44,211.1,514.87,26.262
57,1829,637.42,276.92,211.1,514.87,23.127
57,1829,568.65,356.52,177.66,433.32,12.274
57,1830,637.42,276.92,211.1,514.87,25.568
57,1830,558,392,164,400,9.5503
57,1831,616.77,276.92,211.1,514.87,33.411
57,1831,551.64,333.33,195.59,477.04,2.0574
57,1832,661.05,512.68,115.24,281.08,22.484
57,1832,583,524,82,200,18.755
57,1832,620.54,234.78,177.66,433.32,7.1237
57,1833,494,376,164,400,17.177
57,1833,551.35,286.96,177.66,433.32,9.9943
57,1834,440.46,605.5,75.336,183.75,17.796
57,1834,494.33,314.29,195.59,477.04,14.727
57,1835,475.22,295.24,195.59,477.04,32.006
57,1836,472.26,297.44,211.1,514.87,32.353
57,1836,448.46,643.08,63.077,153.85,3.0405
57,1837,516.76,252.17,177.66,433.32,18.267
57,1838,475.22,314.29,195.59,477.04,26.527
57,1839,458.95,388.73,115.24,281.08,11.184
57,1839,400,538.1,97.8,238.54,5.0984
57,1840,448.63,162.5,256.89,626.57,8.1088
57,1841,475.22,295.24,195.59,477.04,23.557
57,1841,423.85,532.31,63.077,153.85,6.7599
57,1842,398,392,164,400,21.571
57,1842,492.9,276.92,211.1,514.87,10.382
57,1843,494.33,314.29,195.59,477.04,15.56
57,1843,420,414.55,149.09,363.64,14.456
57,1844,446,376,164,400,20.264
57,1844,516.76,286.96,177.66,433.32,15.455
57,1845,484.6,583.49,75.336,183.75,19.361
57,1846,464.86,339.13,177.66,433.32,4.26
57,1847,497.69,612.31,63.077,153.85,19.484
57,1847,551.64,257.14,195.59,477.04,8.2105
57,1848,462,376,164,400,13.814
57,1848,570.75,314.29,195.59,477.04,10.91
57,1849,462,376,164,400,14.534
57,1850,462,376,164,400,18.777
57,1851,478,376,164,400,11.737
57,1852,554.84,256.41,211.1,514.87,33.339
57,1852,446,392,164,400,19.396
57,1853,477.24,590.83,75.336,183.75,28.779
57,1853,574,280,164,400,13.846
57,1854,462,376,164,400,11.593
57,1854,672.84,346.22,68.997,168.29,9.4023
57,1854,691.5,562,41,100,6.2941
57,1855,534.19,276.92,211.1,514.87,26.501
57,1855,462.53,590.83,75.336,183.75,13.197
57,1856,469.89,598.17,75.336,183.75,8.3704
57,1856,554.84,297.44,211.1,514.87,6.3433
57,1857,455.17,598.17,75.336,183.75,8.8557
57,1857,542,280,164,400,7.8515
57,1858,430.27,356.52,177.66,433.32,21.667
57,1858,604.91,366.2,115.24,281.08,8.7287
57,1859,437.01,314.29,195.59,477.04,24.451
57,1860,410.32,276.92,211.1,514.87,40.299
57,1861,389.68,256.41,211.1,514.87,23.585
57,1862,327.74,276.92,211.1,514.87,41.368
57,1863,307.1,276.92,211.1,514.87,20.017
57,1863,441.54,486.15,126.15,307.69,5.4176
57,1864,361.08,356.52,177.66,433.32,18.359
57,1864,495.52,433.33,97.8,238.54,5.1254
57,1865,341.49,295.24,195.59,477.04,30.945
57,1865,430.27,356.52,177.66,433.32,8.4189
57,1866,348.39,276.92,211.1,514.87,36.03
57,1866,555.5,538,41,100,16.564
57,1867,348.39,276.92,211.1,514.87,25.522
57,1867,551.5,558,41,100,18.581
57,1868,327.74,297.44,211.1,514.87,31.526
57,1868,545.53,561.75,44.789,109.24,13.929
57,1869,322.39,314.29,195.59,477.04,25.326
57,1870,322.39,314.29,195.59,477.04,37.451
57,1870,541.86,550,48.788,118.99,11.871
57,1870,395.68,252.17,177.66,433.32,3.6248
57,1871,366,392,164,400,17.647
57,1871,534.62,501.54,63.077,153.85,11.732
57,1872,361.08,356.52,177.66,433.32,25.143
57,1872,503.85,532.31,63.077,153.85,14.36
57,1873,369.03,297.44,211.1,514.87,24.995
57,1874,369.03,297.44,211.1,514.87,21.052
57,1875,341.49,295.24,195.59,477.04,26.551
57,1876,369.03,297.44,211.1,514.87,33.118
57,1877,522.31,526.15,63.077,153.85,25.624
57,1877,355.38,375.38,126.15,307.69,13.032
57,1878,503,444,82,200,14.157
57,1879,420,429.09,149.09,363.64,6.1046
57,1880,327.74,276.92,211.1,514.87,20.584
57,1880,466.15,436.92,126.15,307.69,5.1506
57,1881,369.03,276.92,211.1,514.87,34.546
57,1882,369.03,256.41,211.1,514.87,35.378
57,1883,327.74,256.41,211.1,514.87,40.236
57,1884,284.18,314.29,195.59,477.04,30.608
57,1885,286.26,395.65,89.208,217.58,19.232
57,1885,326.49,356.52,177.66,433.32,4.9815
57,1886,307.1,276.92,211.1,514.87,42.711
57,1887,326.49,339.13,177.66,433.32,18.067
57,1888,389.68,276.92,211.1,514.87,19.326
57,1889,720,92.308,211.1,514.87,34.853
57,1889,423.33,120,273.33,666.67,19.652
57,1890,408.57,240,234.29,571.43,29.201
57,1890,704.48,104.76,195.59,477.04,16.714
57,1891,674.51,137.5,256.89,626.57,52.587
57,1891,369.03,276.92,211.1,514.87,46.906
57,1892,624.31,187.5,256.89,626.57,61.607
57,1892,317.14,240,234.29,571.43,42.171
57,1892,896.72,395.24,97.8,238.54,7.925
57,1892,408.57,217.14,234.29,571.43,5.5081
57,1893,317.14,217.14,234.29,571.43,46.718
57,1893,860.18,621.28,58.092,141.69,32.335
57,1893,654.31,545.45,106.6,260.01,19.789
57,1893,860.77,236.92,63.077,153.85,9.8038
57,1893,833.86,587.98,44.789,109.24,9.0508
57,1894,294.29,217.14,234.29,571.43,51.465
57,1894,783,220,82,200,25.779
57,1894,934.33,671.04,44.789,109.24,12.045
57,1895,682.86,194.29,234.29,571.43,65.869
57,1895,294.29,217.14,234.29,571.43,44.139
57,1895,608.96,314.29,195.59,477.04,16.684
57,1895,1086.6,295.24,195.59,477.04,2.8025
57,1896,614.29,194.29,234.29,571.43,67.639
57,1896,294.29,217.14,234.29,571.43,51.878
57,1896,750,392,164,400,18.47
57,1896,864.52,112.82,211.1,514.87,9.9405
57,1897,294.29,217.14,234.29,571.43,44.564
57,1897,637.14,240,234.29,571.43,39.981
57,1897,895.52,104.76,195.59,477.04,11.965
57,1898,307.1,256.41,211.1,514.87,42.243
57,1898,611.06,454.24,139.35,339.88,29.227
57,1898,830.34,473.39,75.336,183.75,17.354
57,1899,307.1,256.41,211.1,514.87,53.62
57,1899,842.86,80,234.29,571.43,8.0985
57,1900,307.1,256.41,211.1,514.87,50.869
57,1900,878.37,256.52,89.208,217.58,24.914
57,1900,859.5,366,41,100,3.6782
57,1901,317.14,217.14,234.29,571.43,44.668
57,1901,951,124,82,200,3.6991
57,1901,867.5,406,41,100,0.23633
57,1902,307.1,256.41,211.1,514.87,43.494
57,1902,1130.8,313.85,126.15,307.69,25.125
57,1902,889.2,253.21,75.336,183.75,12.935
57,1903,307.1,256.41,211.1,514.87,48.405
57,1903,1135.5,309.52,97.8,238.54,17.629
57,1903,843.87,92.308,211.1,514.87,16.973
57,1903,503.5,474,41,100,1.8184
57,1904,307.1,276.92,211.1,514.87,47.505
57,1904,1133,306.49,106.6,260.01,18.901
57,1904,843.87,92.308,211.1,514.87,15.215
57,1905,307.1,256.41,211.1,514.87,51.134
57,1905,843.87,92.308,211.1,514.87,21.772
57,1905,1184.8,346.22,68.997,168.29,3.1935
57,1906,286.45,276.92,211.1,514.87,45.487
57,1906,1118.5,313.85,126.15,307.69,24.474
57,1907,286.45,256.41,211.1,514.87,28.479
57,1907,857.31,66.667,195.59,477.04,15.094
57,1907,774.29,194.29,234.29,571.43,10.02
57,1908,303.28,295.24,195.59,477.04,26.404
57,1908,724.71,162.5,256.89,626.57,10.69
57,1909,282.11,621.85,68.997,168.29,14.982
57,1909,932.04,430.95,48.788,118.99,5.4886
57,1909,316.67,120,273.33,666.67,2.5454
57,1910,327.74,297.44,211.1,514.87,21.97
57,1910,864.52,71.795,211.1,514.87,14.748
57,1910,1053,304.35,177.66,433.32,6.8823
57,1911,316.75,579.22,53.3,130,27.47
57,1912,319.23,593.85,63.077,153.85,17.689
57,1912,379.7,295.24,195.59,477.04,10.907
57,1912,1191,596,82,200,2.7376
57,1913,315.79,588.24,68.997,168.29,27.508
57,1914,327.74,297.44,211.1,514.87,27.228
57,1915,288.14,638.3,58.092,141.69,13.791
57,1916,608.46,581.54,63.077,153.85,2.3199
57,1918,587.59,620.18,75.336,183.75,6.3142
57,1919,478.46,486.15,126.15,307.69,23.299
57,1921,474.89,454.24,139.35,339.88,11.266
57,1921,365.96,454.24,139.35,339.88,7.7335
57,1923,474.89,454.24,139.35,339.88,19.86
57,1923,622,392,164,400,19.086
57,1923,551.35,356.52,177.66,433.32,14.61
57,1924,589.85,314.29,195.59,477.04,18.02
57,1925,710.91,429.09,149.09,363.64,21.331
57,1926,608.96,314.29,195.59,477.04,40.566
57,1927,616.77,276.92,211.1,514.87,33.577
57,1928,616.77,276.92,211.1,514.87,31.912
57,1929,647.16,314.29,195.59,477.04,35.877
57,1930,616.77,276.92,211.1,514.87,29.654
57,1931,604.91,512.68,115.24,281.08,11.566
57,1931,658.06,276.92,211.1,514.87,7.8376
57,1932,658.06,276.92,211.1,514.87,12.946
57,1933,637.42,276.92,211.1,514.87,9.4622
57,1934,951,588,82,200,6.9051
57,1935,1178.1,292.44,68.997,168.29,15.27
57,1937,800,578.26,89.208,217.58,4.8559
57,1938,791,596,82,200,15.531
57,1938,638.3,467.8,139.35,339.88,5.0812
57,1938,740,254.55,149.09,363.64,1.5735
57,1939,649.41,162.5,256.89,626.57,43.197
57,1940,599.22,187.5,256.89,626.57,66.117
57,1941,473.73,162.5,256.89,626.57,46.953
57,1942,437.01,238.1,195.59,477.04,45.247
57,1943,414,392,164,400,36.863
57,1943,341.49,257.14,195.59,477.04,5.8799
57,1944,303.28,314.29,195.59,477.04,30.191
57,1945,224.52,297.44,211.1,514.87,20.603
57,1946,109.23,486.15,126.15,307.69,20.22
57,1947,23.846,556.92,63.077,153.85,26.717
57,1947,4.5528,579.22,53.3,130,8.1339
57,1955,100.65,276.92,211.1,514.87,36.182
57,1956,162.58,276.92,211.1,514.87,39.034
57,1956,119,468,82,200,7.8987
57,1957,162.58,297.44,211.1,514.87,16.61
57,1958,147.45,187.5,256.89,626.57,20.826
57,1959,207.76,314.29,195.59,477.04,10.161
57,1963,202.86,217.14,234.29,571.43,34.865
57,1964,202.86,217.14,234.29,571.43,18.358
57,1965,318.46,486.15,126.15,307.69,26.639
57,1965,289.67,526.19,48.788,118.99,18.21
57,1965,275.39,507.14,48.788,118.99,10.197
57,1966,342.11,535.06,106.6,260.01,12.231
57,1967,309.19,373.91,177.66,433.32,31.009
57,1968,326.49,373.91,177.66,433.32,14.578
57,1969,321.3,535.06,106.6,260.01,20.582
57,1970,202.86,240,234.29,571.43,12.107
57,1971,202.86,240,234.29,571.43,25.813
57,1972,271.43,240,234.29,571.43,38.923
57,1973,271.43,240,234.29,571.43,31.408
57,1974,290.53,512.68,115.24,281.08,26.146
57,1975,157.14,217.14,234.29,571.43,30.106
57,1975,318.18,414.55,149.09,363.64,20.734
57,1976,222.75,187.5,256.89,626.57,35.71
57,1977,248.57,217.14,234.29,571.43,22.866
57,1978,240,356.52,177.66,433.32,11.687
57,1979,207.76,333.33,195.59,477.04,31.095
57,1980,118.92,373.91,177.66,433.32,19.847
57,1980,47.692,276.92,126.15,307.69,13.099
57,1981,143.64,429.09,149.09,363.64,17.073
57,1982,97.255,187.5,256.89,626.57,8.6702
57,1983,175.32,454.24,139.35,339.88,10.131
57,1996,97.255,162.5,256.89,626.57,6.7998
57,1997,934.93,557.14,97.8,238.54,27.586
57,1997,638.3,454.24,139.35,339.88,26.83
57,1997,100.65,256.41,211.1,514.87,8.7466
57,1997,999,548,82,200,7.8687
57,1998,67.027,356.52,177.66,433.32,18.005
57,1998,672.84,628.57,68.997,168.29,2.2185
57,1998,772.7,448.09,44.789,109.24,2.0172
57,1999,476.67,146.67,273.33,666.67,33.393
57,1999,93.134,295.24,195.59,477.04,25.335
57,2000,476.67,120,273.33,666.67,31.763
57,2000,111.43,217.14,234.29,571.43,9.9355
57,2001,476.67,120,273.33,666.67,47.298
57,2001,131.34,333.33,195.59,477.04,17.168
57,2002,503.33,120,273.33,666.67,58.249
57,2002,93.134,314.29,195.59,477.04,21.048
57,2003,556.67,120,273.33,666.67,81.719
57,2003,112.24,333.33,195.59,477.04,20.766
57,2004,583.33,120,273.33,666.67,71.991
57,2004,67.027,339.13,177.66,433.32,23.298
57,2005,530,120,273.33,666.67,52.274
57,2005,49.73,356.52,177.66,433.32,16.108
57,2006,423.33,120,273.33,666.67,47.116
57,2007,348.24,162.5,256.89,626.57,34.783
57,2008,222.75,162.5,256.89,626.57,45.877
57,2009,183.33,120,273.33,666.67,56.459
57,2010,183.33,120,273.33,666.67,76.627
57,2011,210,120,273.33,666.67,66.841
57,2012,210,120,273.33,666.67,75.065
57,2013,210,120,273.33,666.67,68.861
57,2013,146.21,612.84,75.336,183.75,3.2308
57,2014,210,120,273.33,666.67,82.927
57,2015,210,120,273.33,666.67,84.835
57,2016,210,120,273.33,666.67,62.115
57,2017,183.33,120,273.33,666.67,63.022
57,2018,210,120,273.33,666.67,60.276
57,2018,80.297,650,48.788,118.99,14.621
57,2018,142,392,164,400,9.7183
57,2019,210,120,273.33,666.67,59.001
57,2020,183.33,120,273.33,666.67,63.494
57,2021,183.33,120,273.33,666.67,66.606
57,2021,50.575,612.84,75.336,183.75,2.3346
57,2022,210,120,273.33,666.67,62.508
57,2023,183.33,120,273.33,666.67,59.095
57,2024,183.33,120,273.33,666.67,66.335
57,2025,210,120,273.33,666.67,56.503
57,2026,210,120,273.33,666.67,55.241
57,2027,183.33,120,273.33,666.67,61.173
57,2028,183.33,120,273.33,666.67,69.082
57,2028,65.965,422.54,115.24,281.08,4.5519
57,2029,210,120,273.33,666.67,72.099
57,2030,210,120,273.33,666.67,72.551
57,2030,66.923,636.92,63.077,153.85,15.106
57,2031,210,120,273.33,666.67,63.514
57,2031,103.5,682,41,100,9.5978
57,2032,210,120,273.33,666.67,56.234
57,2033,183.33,120,273.33,666.67,57.751
57,2034,210,120,273.33,666.67,62.785
57,2035,183.33,120,273.33,666.67,49.213
57,2036,210,120,273.33,666.67,58.932
57,2037,183.33,120,273.33,666.67,57.064
57,2037,91.538,636.92,63.077,153.85,3.1477
57,2038,210,120,273.33,666.67,54.694
57,2038,48.462,618.46,63.077,153.85,26.34
57,2039,210,120,273.33,666.67,70.312
57,2039,40.976,636.36,53.3,130,10.057
57,2040,210,120,273.33,666.67,59.65
57,2040,16.716,314.29,195.59,477.04,13.91
57,2041,210,120,273.33,666.67,58.079
57,2041,115.5,658,41,100,15.869
57,2042,210,120,273.33,666.67,41.531
57,2043,263.33,93.333,273.33,666.67,40.369
57,2043,454.29,240,234.29,571.43,27.34
57,2044,348.24,112.5,256.89,626.57,62.501
57,2044,637.14,217.14,234.29,571.43,23.444
57,2044,798.18,94.545,149.09,363.64,15.667
57,2045,448.63,112.5,256.89,626.57,57.135
57,2045,751.43,217.14,234.29,571.43,31.102
57,2045,829.47,95.775,115.24,281.08,3.9876
57,2046,556.67,93.333,273.33,666.67,44.329
57,2046,770,120,273.33,666.67,43.329
57,2047,649.41,62.5,256.89,626.57,22.798
57,2048,717.19,354.93,115.24,281.08,9.2993
57,2050,800,62.5,256.89,626.57,11.336
57,2054,761.29,71.795,211.1,514.87,8.5946
57,2214,597.45,454.24,139.35,339.88,7.0994
57,2215,458.95,422.54,115.24,281.08,8.8522
57,2216,352.34,359.32,139.35,339.88,8.5413
57,2217,949.19,356.52,177.66,433.32,5.2209
57,2218,183.23,297.44,211.1,514.87,33.441
57,2219,88.571,217.14,234.29,571.43,39.302
57,2220,59.355,297.44,211.1,514.87,33.588
57,2220,530.07,578.26,89.208,217.58,22.987
57,2220,466.89,531.15,44.789,109.24,10.437
57,2221,431.43,240,234.29,571.43,45.693
57,2221,109.23,473.85,126.15,307.69,32.876
57,2221,383.74,524.68,106.6,260.01,31.976
57,2222,385.71,240,234.29,571.43,65.494
57,2222,70.909,327.27,149.09,363.64,50.447
57,2222,35.385,203.08,126.15,307.69,6.5972
57,2223,317.14,194.29,234.29,571.43,65.894
57,2223,77.279,456.52,89.208,217.58,16.56
57,2223,449.09,429.09,149.09,363.64,4.2238
57,2224,286.45,215.38,211.1,514.87,61.785
57,2224,-2.1622,286.96,177.66,433.32,32.915
57,2224,245.45,414.55,149.09,363.64,9.368
57,2225,245.16,174.36,211.1,514.87,68.88
57,2225,48.462,581.54,63.077,153.85,15.279
57,2225,23.846,495.38,63.077,153.85,12.917
57,2226,306.15,363.08,126.15,307.69,64.477
57,2226,274.55,210.91,149.09,363.64,14.308
57,2226,23.846,526.15,63.077,153.85,13.853
57,2227,293.85,363.08,126.15,307.69,62.073
57,2227,-1.8182,327.27,149.09,363.64,16.327
57,2227,270.64,237.29,139.35,339.88,5.7192
57,2228,269.27,368.83,106.6,260.01,57.994
57,2228,301.75,388.73,115.24,281.08,42.065
57,2228,23.077,424.62,126.15,307.69,12.199
57,2229,256.92,350.77,126.15,307.69,42.533
57,2229,356.11,513.48,58.092,141.69,39.397
57,2229,46.567,480.95,97.8,238.54,34.758
57,2229,225.84,382.98,58.092,141.69,14.014
57,2230,256.92,338.46,126.15,307.69,55.79
57,2230,358.37,516.88,53.3,130,25.508
57,2230,54.737,445.07,115.24,281.08,15.289
57,2231,254,216,164,400,70.446
57,2231,355.92,413.04,89.208,217.58,45.273
57,2231,-2.3881,295.24,195.59,477.04,44.786
57,2231,206,168,164,400,16.288
57,2232,245.97,161.9,195.59,477.04,82.483
57,2232,-2.8571,217.14,234.29,571.43,21.387
57,2232,284.18,257.14,195.59,477.04,14.329
57,2233,265.07,161.9,195.59,477.04,62.879
57,2233,26.105,319.33,68.997,168.29,13.318
57,2233,72.157,162.5,256.89,626.57,12.831
57,2234,65.714,217.14,234.29,571.43,65.714
57,2234,291.89,217.39,177.66,433.32,48.669
57,2234,203.87,256.41,211.1,514.87,20.269
57,2235,134.29,217.14,234.29,571.43,72.279
57,2235,225.71,217.14,234.29,571.43,38.294
57,2236,180,240,234.29,571.43,68.659
57,2237,156.67,146.67,273.33,666.67,29.106
57,2237,352.34,454.24,139.35,339.88,11.24
57,2238,202.86,240,234.29,571.43,24.155
57,2239,100.65,194.87,211.1,514.87,78.056
57,2239,286.45,276.92,211.1,514.87,31.353
57,2240,49.73,286.96,177.66,433.32,51.603
57,2240,365.96,223.73,139.35,339.88,27.166
57,2240,110,376,164,400,15.121
57,2240,318.46,313.85,126.15,307.69,9.3039
57,2241,291.89,339.13,177.66,433.32,52.986
57,2241,27.955,554.76,48.788,118.99,27.467
57,2241,119,596,82,200,25.496
57,2242,257.3,356.52,177.66,433.32,24.048
57,2242,116.15,643.08,63.077,153.85,16.703
57,2242,423.58,473.95,68.997,168.29,0.77769
57,2243,21.149,612.84,75.336,183.75,25.196
57,2243,222.7,356.52,177.66,433.32,23.522
57,2243,379.57,440.68,139.35,339.88,5.3127
57,2244,352.34,454.24,139.35,339.88,19.126
57,2244,205.41,356.52,177.66,433.32,18.152
57,2245,222.7,339.13,177.66,433.32,18.473
57,2246,274.59,356.52,177.66,433.32,45.416
57,2246,347.27,283.64,149.09,363.64,3.4798
57,2247,398.43,162.5,256.89,626.57,16.222
57,2248,500,240,234.29,571.43,22.94
57,2249,608.96,314.29,195.59,477.04,20.577
57,2250,717.19,445.07,115.24,281.08,12.582
57,2250,657.91,500,97.8,238.54,8.3917
57,2252,1121.4,478.87,115.24,281.08,10.592
57,2263,740.65,112.82,211.1,514.87,39.649
57,2264,761.29,133.33,211.1,514.87,44.524
57,2265,749.8,162.5,256.89,626.57,46.242
57,2266,825.1,162.5,256.89,626.57,46.902
57,2267,900.39,162.5,256.89,626.57,28.443
57,2268,900.39,162.5,256.89,626.57,33.002
57,2269,911.43,194.29,234.29,571.43,26.485
57,2270,974,216,164,400,34.607
57,2270,949.19,339.13,177.66,433.32,14.053
57,2271,987.27,370.91,149.09,363.64,26.702
57,2271,949.05,561.34,68.997,168.29,15.289
57,2271,860.95,578.26,89.208,217.58,15.157
57,2272,733.62,454.24,139.35,339.88,17.309
57,2288,1097.2,625.97,53.3,130,12.924
57,2290,485.97,404.76,97.8,238.54,21.714
57,2290,523.92,187.5,256.89,626.57,18.703
57,2290,822.6,592.86,48.788,118.99,3.6758
57,2291,568.65,356.52,177.66,433.32,48.553
57,2291,492.9,194.87,211.1,514.87,15.964
57,2292,448.63,162.5,256.89,626.57,58.088
57,2293,473.73,137.5,256.89,626.57,46.034
57,2294,448.63,162.5,256.89,626.57,59.38
57,2295,448.63,162.5,256.89,626.57,52.635
57,2296,448.63,162.5,256.89,626.57,50.349
57,2297,448.63,162.5,256.89,626.57,35.487
57,2298,398.43,162.5,256.89,626.57,52.064
57,2299,348.24,187.5,256.89,626.57,60.83
57,2300,431.43,240,234.29,571.43,33.091
57,2300,352.18,444.04,75.336,183.75,18.368
57,2300,379.57,454.24,139.35,339.88,14.79
57,2301,622,312,164,400,30.726
57,2301,385.71,194.29,234.29,571.43,6.3495
57,2302,470.18,512.68,115.24,281.08,30.69
57,2302,534.05,356.52,177.66,433.32,15.375
57,2303,782,392,164,400,22.929
57,2303,560,512.68,115.24,281.08,5.9044
57,2304,766,392,164,400,24.431
57,2305,766,408,164,400,17.84
57,2305,564.62,486.15,126.15,307.69,11.781
57,2306,798.18,429.09,149.09,363.64,9.0847
57,2307,515.74,454.24,139.35,339.88,6.7401
57,2308,833.86,544.26,44.789,109.24,9.1836
57,2308,733.38,518.03,44.789,109.24,1.6745
57,2312,638.18,414.55,149.09,363.64,6.7909
57,2314,263,588,82,200,14.961
57,2314,437.01,314.29,195.59,477.04,8.7268
57,2315,271.26,546.79,75.336,183.75,28.086
57,2316,286.45,276.92,211.1,514.87,26.292
57,2317,284.18,314.29,195.59,477.04,25.311
57,2318,306.15,486.15,126.15,307.69,25.903
57,2318,454.62,452.31,63.077,153.85,12.262
57,2319,222.75,187.5,256.89,626.57,19.404
57,2320,222.75,187.5,256.89,626.57,15.822
57,2321,271.43,240,234.29,571.43,26.185
57,2322,286.45,276.92,211.1,514.87,37.267
57,2323,247.84,187.5,256.89,626.57,38.655
57,2324,247.84,187.5,256.89,626.57,54.2
57,2325,248.57,217.14,234.29,571.43,46.273
57,2325,348.39,276.92,211.1,514.87,18.89
57,2326,385.71,240,234.29,571.43,25.107
57,2326,286.26,413.04,89.208,217.58,22.128
57,2327,408.57,240,234.29,571.43,33.032
57,2327,589.23,436.92,126.15,307.69,12.401
57,2328,327.74,276.92,211.1,514.87,44.782
57,2329,224.52,276.92,211.1,514.87,25.279
57,2330,169.55,333.33,195.59,477.04,21.524
57,2330,303.64,429.09,149.09,363.64,10.425
57,2331,165.95,678.57,48.788,118.99,6.4251
57,2333,231,588,82,200,12.62
57,2333,501.84,688.52,44.789,109.24,9.7354
57,2333,480,678.57,48.788,118.99,8.7695
57,2334,207.48,563.64,53.3,130,31.641
57,2334,498.86,662.34,53.3,130,28.157
57,2334,226.92,532.31,63.077,153.85,12.502
57,2336,162.58,276.92,211.1,514.87,4.1855
57,2340,254,392,164,400,34.209
57,2341,240,356.52,177.66,433.32,3.8745
57,2342,254,392,164,400,11.477
57,2343,300.77,636.92,63.077,153.85,6.142
57,2344,217.88,561.75,44.789,109.24,10.85
57,2345,215.5,546,41,100,18.286
57,2345,271.5,622,41,100,3.9153
57,2346,247.5,522,41,100,35.649
57,2346,284,16,328,800,4.0074
57,2347,323.14,187.5,256.89,626.57,52.666
57,2348,348.24,187.5,256.89,626.57,42.125
57,2349,369.03,194.87,211.1,514.87,39.317
57,2350,439,492,82,200,40.842
57,2350,337.69,304.62,63.077,153.85,17.323
57,2350,404.55,358.44,106.6,260.01,16.055
57,2350,470.18,411.27,115.24,281.08,9.307
57,2350,359,316,82,200,0.85633
57,2351,348.24,162.5,256.89,626.57,43.192
57,2352,348.24,137.5,256.89,626.57,37.906
57,2353,323.14,162.5,256.89,626.57,49.427
57,2354,294.29,171.43,234.29,571.43,46.468
57,2355,271.43,194.29,234.29,571.43,42.822
57,2356,247.84,187.5,256.89,626.57,50.207
57,2357,298.04,162.5,256.89,626.57,63.835
57,2358,323.14,162.5,256.89,626.57,50.967
57,2359,323.14,187.5,256.89,626.57,52.351
57,2360,247.84,187.5,256.89,626.57,49.903
57,2360,1065.7,605.5,75.336,183.75,2.9925
57,2361,327.74,276.92,211.1,514.87,45.96
57,2361,274.68,452.46,44.789,109.24,18.952
57,2361,982.69,566.67,97.8,238.54,12.897
57,2362,294.29,194.29,234.29,571.43,46.599
57,2362,539.84,535.06,106.6,260.01,25.77
57,2363,298.04,187.5,256.89,626.57,17.889
57,2364,293.85,486.15,126.15,307.69,22.916
57,2364,490.77,498.46,126.15,307.69,15.076
57,2364,447.76,280.95,97.8,238.54,13.381
57,2365,447.5,378,41,100,19.413
57,2365,257.02,454.24,139.35,339.88,19.194
57,2365,399.23,286.15,63.077,153.85,17.518
57,2365,476.42,500,97.8,238.54,6.659
57,2366,323.14,187.5,256.89,626.57,42.565
57,2366,120.85,440.68,139.35,339.88,16.518
57,2367,323.14,187.5,256.89,626.57,44.029
57,2367,199.18,465.22,89.208,217.58,22.503
57,2367,133.85,486.15,126.15,307.69,15.088
57,2367,268.84,578.26,89.208,217.58,9.2498
57,2368,323.14,187.5,256.89,626.57,53.075
57,2368,57.931,480.73,75.336,183.75,19.645
57,2368,120.85,454.24,139.35,339.88,18.949
57,2368,108.85,388.1,48.788,118.99,2.4436
57,2369,323.14,187.5,256.89,626.57,55.313
57,2369,103.88,500,97.8,238.54,22.178
57,2369,20.163,496.1,53.3,130,12.755
57,2370,323.14,187.5,256.89,626.57,51.278
57,2370,205.06,612.84,75.336,183.75,27.194
57,2370,14.959,485.71,53.3,130,7.5185
57,2371,323.14,187.5,256.89,626.57,55.06
57,2371,94.694,456.52,89.208,217.58,23.763
57,2371,25.034,465.22,89.208,217.58,13.908
57,2372,298.04,187.5,256.89,626.57,47.838
57,2372,88.421,445.07,115.24,281.08,19.317
57,2372,181.77,560.87,89.208,217.58,7.9806
57,2372,19.368,447.06,68.997,168.29,5.7324
57,2373,272.94,187.5,256.89,626.57,52.499
57,2373,16.327,447.83,89.208,217.58,18.2
57,2374,298.04,187.5,256.89,626.57,37.922
57,2374,85.455,429.09,149.09,363.64,33.365
57,2374,-1.7021,454.24,139.35,339.88,19.363
57,2375,248.57,217.14,234.29,571.43,32.965
57,2375,-1.7021,454.24,139.35,339.88,31.27
57,2375,49.73,356.52,177.66,433.32,27.764
57,2375,50.575,289.91,75.336,183.75,4.0125
57,2376,93.617,427.12,139.35,339.88,30.807
57,2376,286.45,276.92,211.1,514.87,28.241
57,2376,220,473.85,126.15,307.69,23.092
57,2376,19.512,441.56,106.6,260.01,18.166
57,2377,295,532,82,200,30.299
57,2377,107.23,427.12,139.35,339.88,30.13
57,2377,9.1057,441.56,106.6,260.01,22.614
57,2378,290.08,545.45,106.6,260.01,24.599
57,2378,99.649,445.07,115.24,281.08,14.942
57,2378,8.3582,452.38,97.8,238.54,13.689
57,2378,218.29,383.33,48.788,118.99,1.5809
57,2379,134.29,217.14,234.29,571.43,15.698
57,2379,26.105,473.95,68.997,168.29,8.1296
57,2380,242.08,483.33,48.788,118.99,15.628
57,2380,165.38,409.23,63.077,153.85,9.1126
57,2381,174.87,502.13,58.092,141.69,16.74
57,2381,256.84,512.68,115.24,281.08,4.0344
57,2382,214.62,464.62,63.077,153.85,26.547
57,2382,279.3,523.94,115.24,281.08,21.558
57,2383,147.45,187.5,256.89,626.57,38.658
57,2383,514.63,557.14,97.8,238.54,23.433
57,2384,147.45,187.5,256.89,626.57,44.048
57,2384,767.16,554.62,68.997,168.29,6.5921
57,2385,147.45,187.5,256.89,626.57,53.277
57,2385,982.69,557.14,97.8,238.54,20.704
57,2386,172.55,187.5,256.89,626.57,30.015
57,2386,999,596,82,200,12.37
57,2387,180,240,234.29,571.43,40.037
57,2388,202.86,240,234.29,571.43,23.123
57,2389,298.04,187.5,256.89,626.57,41.718
57,2390,423.53,162.5,256.89,626.57,50.931
57,2391,591.43,171.43,234.29,571.43,29.989
57,2392,699.61,112.5,256.89,626.57,8.4549
57,2394,864.52,112.82,211.1,514.87,7.5101
57,2396,820,102.86,234.29,571.43,5.9376
57,2398,782,56,164,400,4.5833
57,3174,747.76,569.57,89.208,217.58,5.1073
57,3174,526,392,164,400,1.9064
57,3175,473.73,187.5,256.89,626.57,19.477
57,3176,373.33,187.5,256.89,626.57,56.208
57,3177,323.14,162.5,256.89,626.57,62.079
57,3178,271.43,148.57,234.29,571.43,48.731
57,3178,1019.2,532.47,53.3,130,6.9268
57,3179,293.85,449.23,126.15,307.69,35.897
57,3179,245.45,167.27,149.09,363.64,10.552
57,3180,122.35,162.5,256.89,626.57,50.574
57,3180,429.23,424.62,126.15,307.69,28.044
57,3180,622,392,164,400,11.518
57,3181,88.571,217.14,234.29,571.43,33.559
57,3181,425.26,433.8,115.24,281.08,18.932
57,3182,97.255,162.5,256.89,626.57,20.469
57,3182,430.27,356.52,177.66,433.32,19.617
57,3183,52.766,210.17,139.35,339.88,28.212
57,3183,74.03,295.24,195.59,477.04,17.335
57,3183,294.97,430.43,89.208,217.58,13.217
57,3184,272.94,187.5,256.89,626.57,26.001
57,3184,66.383,196.61,139.35,339.88,23.398
57,3184,138.23,526.09,89.208,217.58,10.759
57,3185,20,217.14,234.29,571.43,39.356
57,3185,180,217.14,234.29,571.43,32.584
57,3186,141.94,276.92,211.1,514.87,17.259
57,3187,-2.8571,217.14,234.29,571.43,11.281
57,3188,16.716,314.29,195.59,477.04,29.541
57,3189,357.89,456.34,115.24,281.08,11.626
57,3189,122.11,467.61,115.24,281.08,7.773
57,3189,52.766,210.17,139.35,339.88,7.6057
57,3190,88.571,194.29,234.29,571.43,10.717
57,3191,103.33,146.67,273.33,666.67,29.8
57,3192,157.14,194.29,234.29,571.43,27.637
57,3192,85.455,429.09,149.09,363.64,6.0345
57,3193,122.35,187.5,256.89,626.57,43.552
57,3194,122.35,162.5,256.89,626.57,49.582
57,3195,122.35,162.5,256.89,626.57,50.758
57,3196,147.45,162.5,256.89,626.57,46.975
57,3197,172.55,162.5,256.89,626.57,34.55
57,3198,197.65,162.5,256.89,626.57,43.842
57,3199,272.94,162.5,256.89,626.57,49.843
57,3200,373.33,162.5,256.89,626.57,64.383
57,3200,761.79,104.76,195.59,477.04,18.022
57,3201,498.82,137.5,256.89,626.57,44.793
57,3201,97.255,162.5,256.89,626.57,11.9
57,3202,658.06,194.87,211.1,514.87,40.101
57,3202,801.7,115.25,139.35,339.88,19.644
57,3202,111.43,194.29,234.29,571.43,13.913
57,3203,286.45,256.41,211.1,514.87,47.63
57,3203,705.71,125.71,234.29,571.43,37.619
57,3204,761.79,104.76,195.59,477.04,42.417
57,3204,538.11,621.85,68.997,168.29,21.814
57,3205,575.48,276.92,211.1,514.87,31.128
57,3205,780.9,104.76,195.59,477.04,23.024
57,3206,780.9,314.29,195.59,477.04,26.889
57,3206,638.3,454.24,139.35,339.88,12.506
57,3207,742.69,104.76,195.59,477.04,35.302
57,3207,921.54,486.15,126.15,307.69,9.5156
57,3208,742.69,85.714,195.59,477.04,33.518
57,3208,1086.6,295.24,195.59,477.04,14.395
57,3209,720,92.308,211.1,514.87,23.106
57,3403,678.71,112.82,211.1,514.87,6.8162
57,3404,705.71,148.57,234.29,571.43,23.825
57,3405,716.67,93.333,273.33,666.67,33.321
57,3406,850.2,187.5,256.89,626.57,20.797
57,3406,705.71,102.86,234.29,571.43,16.84
57,3407,649.41,137.5,256.89,626.57,67.69
57,3408,674.51,162.5,256.89,626.57,45.379
57,3409,660,217.14,234.29,571.43,35.826
57,3410,724.71,162.5,256.89,626.57,18.781
57,3410,551.64,314.29,195.59,477.04,12.112
57,3410,1071,276.92,211.1,514.87,2.7121
57,3411,542.98,454.24,139.35,339.88,29.333
57,3411,660,217.14,234.29,571.43,19.621
57,3411,863.09,423.38,53.3,130,16.198
57,3411,1135.5,300,97.8,238.54,15.044
57,3412,800,187.5,256.89,626.57,41.752
57,3413,498.82,137.5,256.89,626.57,70.197
57,3413,825.1,187.5,256.89,626.57,41.615
57,3413,1170.1,501.3,53.3,130,19.946
57,3414,423.53,162.5,256.89,626.57,53.108
57,3415,423.53,162.5,256.89,626.57,62.842
57,3415,774.9,187.5,256.89,626.57,54.189
57,3416,749.8,187.5,256.89,626.57,66.353
57,3416,398.43,162.5,256.89,626.57,47.53
57,3417,348.24,162.5,256.89,626.57,61.839
57,3417,749.8,187.5,256.89,626.57,45.349
57,3418,298.04,187.5,256.89,626.57,76.667
57,3418,749.8,187.5,256.89,626.57,32.579
57,3419,202.86,217.14,234.29,571.43,57.621
57,3419,722.6,459.74,53.3,130,22.556
57,3419,758.23,547.52,58.092,141.69,7.7977
57,3419,294.29,240,234.29,571.43,6.2188
57,3420,225.71,240,234.29,571.43,26.024
57,3422,420,429.09,149.09,363.64,26.019
57,3422,519.5,278,41,100,11.077
57,3425,1132.6,309.86,115.24,281.08,14.566
57,3426,996.15,507.69,63.077,153.85,2.8522
57,3430,1000.3,578.26,89.208,217.58,5.5338
57,3431,1139.3,304.59,75.336,183.75,3.9863
57,3434,343.33,120,273.33,666.67,10.541
57,3435,398.81,314.29,195.59,477.04,28.017
57,3435,334,392,164,400,14.277
57,3436,286.45,276.92,211.1,514.87,40.871
57,3436,969.26,628.57,68.997,168.29,16.228
57,3437,183.33,146.67,273.33,666.67,32.997
57,3437,1020.9,547.62,97.8,238.54,16.026
57,3438,294.29,217.14,234.29,571.43,25.926
57,3439,594.94,319.27,75.336,183.75,23.352
57,3439,197.65,162.5,256.89,626.57,21.768
57,3440,97.255,162.5,256.89,626.57,31.079
57,3440,197.65,162.5,256.89,626.57,17.697
57,3441,122.35,162.5,256.89,626.57,34.153
57,3441,16.716,333.33,195.59,477.04,25.181
57,3442,56.119,557.14,97.8,238.54,32.775
57,3442,150.45,161.9,195.59,477.04,22.309
57,3442,817.69,563.08,63.077,153.85,8.1024
57,3443,23.846,643.08,63.077,153.85,34.272
57,3443,485.97,404.76,97.8,238.54,17.59
57,3445,94.713,612.84,75.336,183.75,23.807
57,3446,647.5,698,41,100,17.986
57,3446,116.78,620.18,75.336,183.75,6.4905
57,3446,203.19,649.65,58.092,141.69,3.2429
57,3447,162.58,276.92,211.1,514.87,13.734
57,3447,616.64,655.32,58.092,141.69,8.6161
57,3447,59.5,422,41,100,2.7309
57,3447,459.5,670,41,100,0.84774
57,3448,265.81,276.92,211.1,514.87,2.9069
57,3449,511.16,601.68,68.997,168.29,5.6068
57,3450,682.31,643.08,63.077,153.85,18.96
57,3451,637.42,276.92,211.1,514.87,27.634
57,3452,723.58,295.24,195.59,477.04,14.986
57,3453,71.5,498,41,100,11.644
57,3453,740.65,297.44,211.1,514.87,9.5586
57,3454,769.09,443.64,149.09,363.64,8.5981
57,3454,734.33,480.95,97.8,238.54,1.6302
57,3455,741.62,356.52,177.66,433.32,19.627
57,3455,819.1,314.29,195.59,477.04,9.1201
57,3456,742.69,333.33,195.59,477.04,20.84
57,3456,171.06,485.71,53.3,130,20.585
57,3456,921.23,614.21,44.789,109.24,12.334
57,3456,147.5,482,41,100,11.043
57,3457,741.62,356.52,177.66,433.32,18.001
57,3458,903.49,640.48,48.788,118.99,5.8232
57,3458,337.56,475.32,53.3,130,5.3422
57,3459,761.79,295.24,195.59,477.04,29.64
57,3459,51.747,421.43,48.788,118.99,24.124
57,3459,423.5,514,41,100,10.966
57,3459,375.5,478,41,100,3.5631
57,3459,226.62,684.15,44.789,109.24,2.0633
57,3460,11.5,346,41,100,31.259
57,3460,747.23,454.24,139.35,339.88,12.166
57,3460,810.81,321.74,177.66,433.32,10.17
57,3460,56.585,438.96,53.3,130,7.3306
57,3461,79.231,446.15,63.077,153.85,23.014
57,3461,781.94,297.44,211.1,514.87,21.278
57,3461,751,492,82,200,20.975
57,3462,741.62,356.52,177.66,433.32,24.143
57,3462,89.912,451.06,58.092,141.69,14.459
57,3463,802.58,297.44,211.1,514.87,21.25
57,3463,737.75,478.69,44.789,109.24,4.8807
57,3464,734,392,164,400,15.245
57,3464,103.41,485.71,53.3,130,13.575
57,3464,800,314.29,195.59,477.04,10.877
57,3465,800,314.29,195.59,477.04,21.842
57,3465,755.5,590,41,100,3.2186
57,3466,910,649.23,63.077,153.85,24.404
57,3466,151.5,630,41,100,16.901
57,3466,776.22,356.52,177.66,433.32,14.38
57,3467,933.85,498.46,126.15,307.69,8.0342
57,3468,559.5,698,41,100,14.322
57,3468,953.08,643.08,63.077,153.85,14.134
57,3469,933.73,314.29,195.59,477.04,26.552
57,3469,165.38,649.23,63.077,153.85,3.9667
57,3470,860.95,578.26,89.208,217.58,28.809
57,3470,227.5,446,41,100,6.1188
57,3470,896.92,498.46,126.15,307.69,-0.37651
57,3471,740.65,276.92,211.1,514.87,28.999
57,3472,616.77,276.92,211.1,514.87,12.752
57,3473,534.19,297.44,211.1,514.87,28.896
57,3473,257.69,636.92,63.077,153.85,15.203
57,3474,534.19,276.92,211.1,514.87,33.206
57,3474,271.15,655.32,58.092,141.69,8.3804
57,3475,534.19,276.92,211.1,514.87,35.304
57,3475,274.68,544.26,44.789,109.24,12.945
57,3475,211.5,386,41,100,12.517
57,3475,118.23,485.11,58.092,141.69,8.8233
57,3475,483.5,598,41,100,2.9415
57,3476,534.19,276.92,211.1,514.87,40.754
57,3477,554.84,276.92,211.1,514.87,48.487
57,3477,485.97,404.76,97.8,238.54,15.102
57,3478,534.19,276.92,211.1,514.87,40.996
57,3478,486.53,421.74,89.208,217.58,14.313
57,3478,109.23,486.15,126.15,307.69,12.249
57,3478,275.12,667.53,53.3,130,10.674
57,3479,583.83,454.24,139.35,339.88,22.88
57,3479,152.35,609.84,44.789,109.24,16.16
57,3480,571.54,643.08,63.077,153.85,35.553
57,3480,477.24,612.84,75.336,183.75,6.2952
57,3480,656.28,655.32,58.092,141.69,4.5824
57,3481,508.55,673.81,48.788,118.99,17.734
57,3481,524.88,620.78,53.3,130,6.8716
57,3482,451.61,276.92,211.1,514.87,6.7938
57,3482,63,268,82,200,5.5601
57,3483,464.86,356.52,177.66,433.32,26.641
57,3483,430.27,269.57,177.66,433.32,16.303
57,3483,336,628.57,68.997,168.29,12.258
57,3483,80,267.89,75.336,183.75,1.6739
57,3484,447.57,269.57,177.66,433.32,34.015
57,3485,455.5,458,41,100,13.364
57,3485,492.73,341.82,149.09,363.64,8.2483
57,3486,475.24,630.95,48.788,118.99,24.079
57,3486,445.05,688.52,44.789,109.24,12.166
57,3487,430.97,297.44,211.1,514.87,15.003
57,3487,196.42,535.06,106.6,260.01,14.682
57,3487,129.56,655.32,58.092,141.69,5.0625
57,3488,451.5,638,41,100,26.777
57,3488,179.5,362,41,100,14.624
57,3488,478.05,615.58,53.3,130,13.722
57,3488,202.28,412.99,53.3,130,7.8807
57,3488,432.42,445.24,48.788,118.99,2.2167
57,3489,431,508,82,200,17.09
57,3490,478,392,164,400,34.732
57,3490,430.27,269.57,177.66,433.32,14.371
57,3490,25.034,578.26,89.208,217.58,4.2402
57,3491,464.86,373.91,177.66,433.32,22.821
57,3492,474.89,454.24,139.35,339.88,6.5674
57,3493,408.57,217.14,234.29,571.43,6.661
57,3494,492.73,443.64,149.09,363.64,12.464
57,3494,271.43,240,234.29,571.43,10.525
57,3494,447.57,269.57,177.66,433.32,4.8225
57,3495,462,376,164,400,4.978
57,3495,63,428,82,200,2.7213
57,3496,464.86,373.91,177.66,433.32,24.553
57,3496,430.27,269.57,177.66,433.32,9.0358
57,3497,464.86,373.91,177.66,433.32,30.792
57,3497,412.97,252.17,177.66,433.32,8.5961
57,3497,239.5,598,41,100,4.5132
57,3497,47.5,698,41,100,2.931
57,3498,478,392,164,400,25.906
57,3498,430.27,269.57,177.66,433.32,12.731
57,3499,478,392,164,400,23.33
57,3499,356.11,655.32,58.092,141.69,20.523
57,3499,447.82,524.77,75.336,183.75,19.227
57,3500,348.24,137.5,256.89,626.57,9.6804
57,3501,380.35,400,115.24,281.08,24.552
57,3501,527.58,521.43,48.788,118.99,4.159
57,3502,378.38,356.52,177.66,433.32,20.891
57,3502,163.5,386,41,100,5.2324
57,3503,434.04,454.24,139.35,339.88,17.021
57,3503,165.95,678.57,48.788,118.99,10.997
57,3503,270,329.23,63.077,153.85,1.3633
57,3504,426.02,667.53,53.3,130,21.095
57,3504,55,292,82,200,11.003
57,3504,441.06,604.26,58.092,141.69,6.7571
57,3505,361.79,547.62,97.8,238.54,10.45
57,3506,31,596,82,200,6.3413
57,3507,383.16,635.29,68.997,168.29,17.82
57,3510,242.83,337.59,58.092,141.69,16.495
57,3510,177.69,643.08,63.077,153.85,8.5212
57,3510,338.72,440.68,139.35,339.88,4.0621
57,3513,265.07,314.29,195.59,477.04,14.353
57,3514,225.71,240,234.29,571.43,8.2414
57,3516,265.07,314.29,195.59,477.04,8.2871
57,3518,271.43,217.14,234.29,571.43,31.679
57,3519,437.01,257.14,195.59,477.04,6.5475
57,3520,624.68,345.76,139.35,339.88,14.622
57,3520,-3.1373,162.5,256.89,626.57,10.932
57,3521,521.38,576.15,75.336,183.75,39.573
57,3521,97.255,162.5,256.89,626.57,31.322
57,3521,734,264,164,400,19.414
57,3522,122.35,162.5,256.89,626.57,67.292
57,3522,675.86,612.84,75.336,183.75,20.645
57,3522,827.5,574,41,100,19.686
57,3522,805.85,527.27,53.3,130,6.6256
57,3522,663.5,574,41,100,3.643
57,3523,774.9,162.5,256.89,626.57,42.686
57,3523,222.75,162.5,256.89,626.57,35.483
57,3523,550.91,443.64,149.09,363.64,27.204
57,3524,323.14,137.5,256.89,626.57,81.008
57,3524,674.51,162.5,256.89,626.57,54.953
57,3524,820,125.71,234.29,571.43,45.114
57,3525,716.67,120,273.33,666.67,63.266
57,3525,423.53,137.5,256.89,626.57,55.355
57,3525,885.16,112.82,211.1,514.87,6.7542
57,3526,549.02,137.5,256.89,626.57,55.649
57,3526,800,62.5,256.89,626.57,13.938
57,3527,624.31,112.5,256.89,626.57,54.113
57,3527,865.71,80,234.29,571.43,17.024
57,3528,728.57,80,234.29,571.43,27.546
