57,1545,297.53,193.69,259.27,595.74,1
57,1546,275.08,186.88,193.94,554.89,1
57,1547,250.58,174.97,208.23,481.7,1
57,1548,199.54,174.97,247.02,510.64,1
57,1549,181.17,185.18,267.43,525.96,1
57,1550,183.21,209.01,265.39,502.13,1
57,1551,183.21,209.01,265.39,502.13,1
57,1552,213.83,198.8,269.47,512.34,1
57,1553,240.37,197.1,220.48,514.04,1
57,1554,262.83,191.99,236.81,529.36,1
57,1555,344.49,195.39,214.35,549.79,1
57,1556,442.48,214.12,230.69,561.7,1
57,1557,518.01,227.73,212.31,572.77,1
57,1558,550.68,263.48,255.18,537.02,1
57,1559,583.34,292.41,240.89,508.09,1
57,1560,583.34,282.2,247.02,518.3,1
57,1561,583.34,266.88,247.02,533.62,1
57,1562,583.34,306.03,236.81,494.47,1
57,1563,564.97,312.84,242.93,487.66,1
57,1564,558.84,312.84,249.06,487.66,1
57,1565,558.84,295.82,238.85,504.68,1
57,1566,558.84,282.2,247.02,518.3,1
57,1567,558.84,271.99,247.02,528.51,1
57,1568,573.13,271.99,232.73,528.51,1
57,1569,581.3,271.99,224.56,528.51,1
57,1570,581.3,271.99,224.56,528.51,1
57,1571,599.67,270.29,247.02,530.21,1
57,1572,699.7,258.37,275.6,542.13,1
57,1573,852.81,289.01,265.39,511.49,1
57,1574,924.26,300.93,345.01,499.57,1
57,1575,942.64,312.84,337.86,487.66,1
57,1576,942.64,312.84,337.86,487.66,1
57,1577,924.26,312.84,356.24,487.66,1
57,1578,854.85,314.54,408.29,485.96,1
57,1579,746.66,391.14,516.49,409.36,1
57,1580,644.58,459.22,618.56,341.28,1
57,1581,534.34,523.9,608.36,276.6,1
57,1582,869.14,563.05,394,237.45,1
57,1583,954.89,537.52,325.61,262.98,1
57,1584,1148.8,734.97,131.67,65.532,1
57,1668,801.69,189.5,29.799,197.46,1
57,1669,780.01,127.44,144.93,441.18,1
57,1670,866.7,72.15,134.1,481.81,1
57,1670,719.06,147.75,169.31,494.22,1
57,1671,807.1,69.894,170.67,503.24,1
57,1671,637.79,178.22,245.16,523.55,1
57,1672,754.28,81.177,182.86,573.2,1
57,1672,667.59,207.55,277.67,590.13,1
57,1672,949.33,77.792,119.2,453.6,1
57,1673,667.59,106,182.86,594.64,1
57,1673,725.83,241.4,430.73,559.1,1
57,1673,849.09,87.947,169.31,505.5,1
57,1674,995.38,100.36,77.206,192.95,1
57,1674,559.23,127.44,228.91,673.06,1
57,1674,859.93,269.61,404.99,530.89,1
57,1674,794.91,118.41,192.34,577.72,1
57,1675,880.25,91.332,192.34,496.47,1
57,1675,328.97,150.01,375.2,650.49,1
57,1675,950.68,259.46,329.82,541.04,1
57,1675,756.99,126.31,242.46,581.1,1
57,1676,804.39,85.69,180.15,502.12,1
57,1676,291.04,190.63,348.11,609.87,1
57,1676,969.64,258.33,310.86,542.17,1
57,1676,662.17,134.21,247.87,643.16,1
57,1677,747.51,72.15,197.76,515.66,1
57,1677,351.99,243.66,428.02,556.84,1
57,1677,969.64,258.33,310.86,542.17,1
57,1677,640.5,142.11,249.23,638.65,1
57,1678,762.4,61.995,201.82,499.86,1
57,1678,383.15,311.36,665.06,489.14,1
57,1678,969.64,258.33,310.86,542.17,1
57,1678,640.5,142.11,268.19,638.65,1
57,1679,817.94,74.407,174.73,487.45,1
57,1679,422.43,349.72,858.07,450.78,1
57,1679,969.64,258.33,310.86,542.17,1
57,1679,664.88,136.47,243.81,644.29,1
57,1680,817.94,74.407,166.6,487.45,1
57,1680,503.7,347.47,776.8,453.03,1
57,1680,969.64,258.33,310.86,542.17,1
57,1680,664.88,136.47,243.81,644.29,1
57,1681,817.94,74.407,153.06,487.45,1
57,1681,484.73,347.47,795.77,453.03,1
57,1681,926.3,260.58,289.86,539.92,1
57,1681,664.88,136.47,243.81,644.29,1
57,1682,663.53,347.47,446.98,453.03,1
57,1682,889.73,286.54,226.2,513.96,1
57,1682,664.88,136.47,243.81,644.29,1
57,1683,792.2,341.83,488.3,458.67,1
57,1683,727.19,320.39,326.43,480.11,1
57,1683,693.33,151.13,352.17,629.62,1
57,1684,1076.6,547.19,203.85,253.31,1
57,1684,616.12,345.21,404.99,455.29,1
57,1684,778.66,156.78,253.29,623.98,1
57,1685,606.64,384.7,391.45,415.8,1
57,1685,725.83,171.44,376.55,629.06,1
57,1686,691.97,411.78,436.15,388.72,1
57,1686,616.12,194.01,486.26,606.49,1
57,1687,983.19,470.46,297.31,330.04,1
57,1687,593.09,217.71,509.29,582.79,1
57,1688,1216.2,612.63,64.339,187.87,1
57,1688,587.67,293.31,514.71,507.19,1
57,1689,773.24,365.52,342.69,434.98,1
57,1690,929.01,407.27,351.49,393.23,1
57,1691,1004.9,619.4,275.64,181.1,1
57,1692,1046.8,632.94,233.65,167.56,1
57,1776,1172.8,695,107.68,105.5,1
57,1777,1066.9,482.42,213.56,318.08,1
57,1778,776.77,397.68,400,402.82,1
57,1779,569.31,323.1,519.32,477.4,1
57,1780,500.16,269.99,570.85,530.51,1
57,1781,487.96,227.05,473.22,573.45,1
57,1782,458.13,192.03,183.05,608.47,1
57,1783,406.6,185.25,215.59,615.25,1
57,1784,322.53,216.88,256.27,583.62,1
57,1785,287.28,241.74,291.53,558.76,1
57,1786,367.28,234.96,309.15,565.54,1
57,1787,455.42,264.34,267.12,536.16,1
57,1788,538.13,286.94,241.36,513.56,1
57,1789,554.4,272.25,249.49,528.25,1
57,1790,554.4,274.51,273.9,525.99,1
57,1791,554.4,274.51,273.9,525.99,1
57,1792,554.4,274.51,273.9,525.99,1
57,1793,554.4,274.51,273.9,525.99,1
57,1794,554.4,274.51,273.9,525.99,1
57,1795,554.4,274.51,273.9,525.99,1
57,1796,554.4,274.51,273.9,525.99,1
57,1797,554.4,274.51,273.9,525.99,1
57,1798,554.4,274.51,273.9,525.99,1
57,1799,554.4,274.51,273.9,525.99,1
57,1800,554.4,274.51,273.9,525.99,1
57,1801,554.4,274.51,273.9,525.99,1
57,1802,554.4,274.51,273.9,525.99,1
57,1803,554.4,274.51,273.9,525.99,1
57,1804,554.4,274.51,273.9,525.99,1
57,1805,554.4,274.51,273.9,525.99,1
57,1806,554.4,267.73,257.63,532.77,1
57,1807,554.4,267.73,257.63,532.77,1
57,1808,554.4,267.73,257.63,532.77,1
57,1809,554.4,267.73,257.63,532.77,1
57,1810,554.4,267.73,257.63,532.77,1
57,1811,607.28,233.83,204.75,566.67,1
57,1812,607.28,265.47,283.39,535.03,1
57,1813,529.99,267.73,332.2,532.77,1
57,1814,529.99,267.73,355.25,532.77,1
57,1815,565.25,240.61,420.34,559.89,1
57,1816,542.19,246.26,465.08,554.24,1
57,1817,534.06,246.26,473.22,554.24,1
57,1818,534.06,246.26,473.22,554.24,1
57,1819,534.06,271.12,418.98,529.38,1
57,1820,534.06,273.38,352.54,527.12,1
57,1821,544.91,281.29,307.8,519.21,1
57,1822,544.91,281.29,307.8,519.21,1
57,1823,550.33,272.25,302.37,528.25,1
57,1824,557.11,273.38,295.59,527.12,1
57,1825,557.11,273.38,295.59,527.12,1
57,1826,557.11,273.38,295.59,527.12,1
57,1827,557.11,273.38,295.59,527.12,1
57,1828,557.11,273.38,295.59,527.12,1
57,1829,557.11,276.77,305.08,523.73,1
57,1830,557.11,276.77,305.08,523.73,1
57,1831,567.96,263.21,294.24,537.29,1
57,1832,566.6,245.13,283.39,555.37,1
57,1833,489.31,274.51,296.95,525.99,1
57,1834,407.96,292.59,348.47,507.91,1
57,1835,407.96,293.72,322.71,506.78,1
57,1836,407.96,293.72,322.71,506.78,1
57,1837,407.96,306.15,288.81,494.35,1
57,1838,407.96,306.15,246.78,494.35,1
57,1839,407.96,306.15,246.78,494.35,1
57,1840,407.96,306.15,246.78,494.35,1
57,1841,407.96,298.24,382.37,502.26,1
57,1842,407.96,298.24,416.27,502.26,1
57,1843,407.96,301.63,383.73,498.87,1
57,1844,407.96,290.33,470.51,510.17,1
57,1845,439.14,277.9,512.54,522.6,1
57,1846,439.14,277.9,512.54,522.6,1
57,1847,439.14,277.9,512.54,522.6,1
57,1848,439.14,263.21,500.34,537.29,1
57,1849,439.14,263.21,500.34,537.29,1
57,1850,426.94,275.64,512.54,524.86,1
57,1851,439.14,277.9,500.34,522.6,1
57,1852,439.14,275.64,362.03,524.86,1
57,1853,439.14,275.64,338.98,524.86,1
57,1854,439.14,275.64,338.98,524.86,1
57,1855,425.58,279.03,352.54,521.47,1
57,1856,425.58,279.03,352.54,521.47,1
57,1857,425.58,282.42,490.85,518.08,1
57,1858,449.99,291.46,357.97,509.04,1
57,1859,440.5,295.98,246.78,504.52,1
57,1860,407.96,276.77,230.51,523.73,1
57,1861,390.33,260.95,206.1,539.55,1
57,1862,345.58,283.55,230.51,516.95,1
57,1863,342.87,309.54,233.22,490.96,1
57,1864,344.23,305.02,231.86,495.48,1
57,1865,344.23,208.97,374.24,591.53,1
57,1866,344.23,227.05,416.27,573.45,1
57,1867,344.23,227.05,416.27,573.45,1
57,1868,344.23,241.74,454.24,558.76,1
57,1869,344.23,289.2,431.19,511.3,1
57,1870,344.23,294.85,467.8,505.65,1
57,1871,344.23,295.98,279.32,504.52,1
57,1872,356.43,302.76,237.29,497.74,1
57,1873,365.92,289.2,322.71,511.3,1
57,1874,365.92,290.33,372.88,510.17,1
57,1875,365.92,290.33,372.88,510.17,1
57,1876,365.92,292.59,283.39,507.91,1
57,1877,365.92,290.33,240,510.17,1
57,1878,365.92,308.41,204.75,492.09,1
57,1879,330.67,335.53,264.41,464.97,1
57,1880,330.67,320.84,237.29,479.66,1
57,1881,359.14,264.34,208.81,536.16,1
57,1882,367.28,246.26,200.68,554.24,1
57,1883,332.03,271.12,222.37,529.38,1
57,1884,285.92,310.67,237.29,489.83,1
57,1885,285.92,298.24,347.12,502.26,1
57,1886,334.74,264.34,372.88,536.16,1
57,1887,322.53,253.04,237.29,547.46,1
57,1888,382.19,265.47,229.15,535.03,1
57,1888,770.53,82.305,123.26,487.45,1
57,1889,409.31,260.95,246.78,539.55,1
57,1889,769.18,91.332,153.06,515.66,1
57,1890,384.91,247.39,238.64,553.11,1
57,1890,712.29,98.102,189.63,525.81,1
57,1890,884.31,101.49,81.27,390.41,1
57,1891,361.86,247.39,215.59,553.11,1
57,1891,685.2,120.67,224.85,618.34,1
57,1891,884.31,67.637,128.68,424.26,1
57,1892,319.82,242.87,227.8,557.63,1
57,1892,895.15,103.74,167.96,519.04,1
57,1892,641.85,177.09,237.04,623.41,1
57,1892,884.31,67.637,128.68,424.26,1
57,1893,323.89,222.53,210.17,577.97,1
57,1893,826.07,113.9,195.05,517.91,1
57,1893,621.54,227.86,319.66,572.64,1
57,1893,892.44,67.637,142.22,423.13,1
57,1894,323.89,225.92,193.9,574.58,1
57,1894,747.51,130.82,224.85,513.4,1
57,1894,738.02,292.18,341.33,508.32,1
57,1894,877.54,69.894,147.64,419.75,1
57,1895,323.89,222.53,241.36,577.97,1
57,1895,678.43,142.11,281.74,652.19,1
57,1895,863.99,389.22,416.51,411.28,1
57,1895,877.54,69.894,163.89,417.49,1
57,1895,965.58,73.279,176.08,442.31,1
57,1896,300.84,227.05,264.41,573.45,1
57,1896,626.96,182.73,266.84,617.77,1
57,1896,1132.2,616.01,148.32,184.49,1
57,1896,853.16,69.894,188.28,418.62,1
57,1896,929.01,73.279,157.12,473.91,1
57,1897,300.84,227.05,258.98,573.45,1
57,1897,610.7,217.71,329.14,582.79,1
57,1897,853.16,69.894,188.28,418.62,1
57,1897,916.82,73.279,169.31,473.91,1
57,1898,315.75,237.22,253.56,563.28,1
57,1898,629.66,262.84,371.13,537.66,1
57,1898,853.16,69.894,188.28,418.62,1
57,1898,904.63,74.407,153.06,472.78,1
57,1899,315.75,237.22,253.56,563.28,1
57,1899,629.66,279.77,376.55,520.73,1
57,1899,853.16,69.894,188.28,418.62,1
57,1899,812.52,74.407,245.16,472.78,1
57,1900,315.75,211.23,271.19,589.27,1
57,1900,629.66,282.02,376.55,518.48,1
57,1900,853.16,69.894,188.28,418.62,1
57,1900,756.99,74.407,281.74,472.78,1
57,1901,315.75,211.23,271.19,589.27,1
57,1901,754.28,320.39,396.87,480.11,1
57,1901,853.16,69.894,188.28,418.62,1
57,1901,756.99,74.407,281.74,472.78,1
57,1902,322.53,228.18,290.17,572.32,1
57,1902,893.79,358.75,386.71,441.75,1
57,1902,853.16,69.894,188.28,418.62,1
57,1902,756.99,74.407,281.74,472.78,1
57,1903,322.53,228.18,290.17,572.32,1
57,1903,931.72,361.01,348.78,439.49,1
57,1903,853.16,69.894,188.28,418.62,1
57,1903,756.99,74.407,281.74,472.78,1
57,1904,322.53,228.18,290.17,572.32,1
57,1904,891.08,371.16,389.42,429.34,1
57,1904,853.16,69.894,188.28,418.62,1
57,1904,756.99,74.407,281.74,472.78,1
57,1905,322.53,211.23,290.17,589.27,1
57,1905,877.54,355.37,402.96,445.13,1
57,1905,853.16,69.894,188.28,418.62,1
57,1905,756.99,74.407,281.74,472.78,1
57,1906,294.06,254.17,313.22,546.33,1
57,1906,865.35,348.6,415.15,451.9,1
57,1906,853.16,69.894,188.28,418.62,1
57,1906,756.99,74.407,281.74,472.78,1
57,1907,249.31,250.78,336.27,549.72,1
57,1907,849.09,332.8,406.35,467.7,1
57,1907,853.16,69.894,188.28,418.62,1
57,1907,756.99,74.407,281.74,472.78,1
57,1908,234.4,269.99,351.19,530.51,1
57,1908,800.33,312.49,414.48,488.01,1
57,1908,853.16,69.894,188.28,418.62,1
57,1908,756.99,74.407,281.74,472.78,1
57,1909,234.4,302.76,334.92,497.74,1
57,1909,800.33,312.49,414.48,488.01,1
57,1909,853.16,69.894,188.28,418.62,1
57,1909,756.99,74.407,281.74,472.78,1
57,1910,265.58,284.68,303.73,515.82,1
57,1910,942.55,314.75,314.24,485.75,1
57,1910,853.16,69.894,188.28,418.62,1
57,1910,756.99,74.407,281.74,472.78,1
57,1911,246.6,274.51,310.51,525.99,1
57,1911,1078,318.13,202.5,482.37,1
57,1911,853.16,69.894,188.28,418.62,1
57,1911,845.03,74.407,193.69,472.78,1
57,1912,246.6,274.51,310.51,525.99,1
57,1912,1190.4,486.25,90.074,314.25,1
57,1912,853.16,69.894,188.28,418.62,1
57,1913,256.09,275.64,301.02,524.86,1
57,1913,1232.4,507.69,48.085,292.81,1
57,1913,853.16,69.894,188.28,418.62,1
57,1914,256.09,283.55,286.1,516.95,1
57,1914,1217.5,508.82,62.984,291.68,1
57,1915,223.55,328.75,349.83,471.75,1
57,1915,1217.5,508.82,62.984,291.68,1
57,1916,318.47,346.83,348.47,453.67,1
57,1916,1217.5,508.82,62.984,291.68,1
57,1917,352.36,370.56,355.25,429.94,1
57,1917,1217.5,508.82,62.984,291.68,1
57,1918,299.48,431.57,356.61,368.93,1
57,1918,1205.3,508.82,75.175,291.68,1
57,1919,281.86,446.26,536.95,354.24,1
57,1919,1205.3,508.82,75.175,291.68,1
57,1920,269.65,431.57,395.93,368.93,1
57,1920,1205.3,508.82,75.175,291.68,1
57,1921,269.65,431.57,395.93,368.93,1
57,1921,1191.8,502.05,88.72,298.45,1
57,1922,285.92,424.79,398.64,375.71,1
57,1922,1182.3,496.41,98.201,304.09,1
57,1923,386.26,361.52,364.75,438.98,1
57,1923,1182.3,496.41,98.201,304.09,1
57,1924,511.01,329.88,284.75,470.62,1
57,1924,1156.6,491.9,123.94,308.6,1
57,1925,607.28,324.23,264.41,476.27,1
57,1925,1151.1,477.23,129.35,323.27,1
57,1926,577.45,286.94,257.63,513.56,1
57,1926,1218.9,499.79,61.63,300.71,1
57,1927,588.3,266.6,230.51,533.9,1
57,1927,1251.4,762.7,29.122,37.8,1
57,1928,618.13,263.21,214.24,537.29,1
57,1928,1129.5,593.45,151.03,167,1
57,1929,633.04,265.47,244.07,535.03,1
57,1929,1045.5,541.54,235.01,99.295,1
57,1930,624.91,267.73,318.64,532.77,1
57,1930,1045.5,541.54,235.01,99.295,1
57,1931,618.13,267.73,428.47,532.77,1
57,1931,1166,476.1,114.46,190.69,1
57,1932,616.77,274.51,429.83,525.99,1
57,1933,616.77,269.99,429.83,530.51,1
57,1934,664.23,283.55,382.37,516.95,1
57,1935,673.72,344.57,372.88,455.93,1
57,1936,673.72,362.65,433.9,437.85,1
57,1937,673.72,319.71,355.25,480.79,1
57,1938,614.06,244,288.81,556.5,1
57,1939,649.31,229.31,258.98,571.19,1
57,1940,584.23,203.32,303.73,570.62,1
57,1941,467.62,199.94,286.1,550.28,1
57,1942,403.89,215.75,286.1,534.46,1
57,1943,291.35,231.57,257.63,562.71,1
57,1944,245.25,250.78,257.63,549.72,1
57,1945,188.3,281.29,260.34,519.21,1
57,1946,43.212,312.93,337.63,487.57,1
57,1947,0.5,359.26,243.39,441.24,1
57,1948,0.5,414.62,221.69,385.88,1
57,1949,0.5,550.22,164.75,250.28,1
57,1950,0.5,660.95,31.864,139.55,1
57,1951,0.5,610.1,92.881,190.4,1
57,1952,0.5,407.84,288.14,392.66,1
57,1953,0.5,355.87,250.17,444.63,1
57,1954,0.5,318.58,267.8,481.92,1
57,1955,104.23,289.2,235.93,511.3,1
57,1956,123.21,256.43,291.53,544.07,1
57,1957,173.38,247.39,249.49,553.11,1
57,1958,129.99,251.91,292.88,548.59,1
57,1959,201.86,279.03,261.69,521.47,1
57,1960,231.69,307.28,299.66,493.22,1
57,1961,231.69,307.28,299.66,493.22,1
57,1962,223.55,298.24,240,502.26,1
57,1963,181.52,237.22,246.78,563.28,1
57,1964,234.4,231.57,215.59,568.93,1
57,1965,254.74,241.74,246.78,558.76,1
57,1966,261.52,250.78,248.14,549.72,1
57,1967,261.52,267.73,237.29,532.77,1
57,1968,261.52,269.99,264.41,530.51,1
57,1969,246.6,240.61,258.98,559.89,1
57,1970,233.04,227.05,241.36,573.45,1
57,1971,233.04,227.05,258.98,573.45,1
57,1972,269.65,228.18,222.37,572.32,1
57,1973,269.65,229.31,242.71,571.19,1
57,1974,200.5,227.05,301.02,573.45,1
57,1975,189.65,225.92,268.47,574.58,1
57,1976,226.26,206.71,231.86,593.79,1
57,1977,216.77,208.97,234.58,591.53,1
57,1978,181.52,237.22,248.14,563.28,1
57,1979,173.38,257.56,229.15,542.94,1
57,1980,60.839,285.81,315.93,514.69,1
57,1981,9.3136,310.67,295.59,489.83,1
57,1982,43.212,323.1,261.69,477.4,1
57,1983,0.5,347.96,296.27,452.54,1
57,1984,0.5,425.92,225.76,374.58,1
57,1985,0.5,524.23,198.64,276.27,1
57,1986,0.5,482.42,235.25,318.08,1
57,1987,0.5,505.02,243.39,295.48,1
57,1988,0.5,581.86,185.08,218.64,1
57,1989,0.5,581.86,185.08,218.64,1
57,1990,0.5,542.31,236.61,258.19,1
57,1991,0.5,542.31,236.61,258.19,1
57,1992,0.5,612.36,114.58,188.14,1
57,1993,0.5,566.04,121.36,234.46,1
57,1993,1241.9,742.39,38.603,58.11,1
57,1994,0.5,384.12,235.25,416.38,1
57,1994,1091.5,669.05,188.95,131.45,1
57,1995,73.042,380.73,211.53,419.77,1
57,1995,1042.8,576.52,237.71,223.98,1
57,1996,90.669,388.64,257.63,411.86,1
57,1996,971,279.77,300.7,520.73,1
57,1997,97.449,351.35,211.53,449.15,1
57,1997,644.56,230.12,451.05,570.38,1
57,1998,78.466,314.06,223.73,486.44,1
57,1998,522.66,173.7,465.95,626.8,1
57,1999,85.156,309.54,244.16,490.96,1
57,1999,482.02,143.24,253.29,657.26,1
57,2000,112.25,312.49,217.07,488.01,1
57,2000,494.21,126.31,196.4,674.19,1
57,2001,108.3,309.54,221.02,490.96,1
57,2001,500.99,106,189.63,694.5,1
57,2002,108.3,309.54,221.02,490.96,1
57,2002,500.99,106,242.46,694.5,1
57,2003,108.3,309.54,221.02,490.96,1
57,2003,561.94,112.77,273.61,687.73,1
57,2004,73.042,321.97,256.27,478.53,1
57,2004,556.52,109.39,306.12,687.17,1
57,2005,9.3042,322.64,257.35,477.86,1
57,2005,475.25,112.77,330.5,684.91,1
57,2006,0.5,373.42,205.21,427.08,1
57,2006,402.11,113.9,306.12,684.91,1
57,2007,0.5,401.63,157.8,398.87,1
57,2007,323.55,144.36,279.03,654.44,1
57,2008,0.5,374.55,159.15,425.95,1
57,2008,250.4,136.47,231.62,662.34,1
57,2009,0.5,354.24,164.57,446.26,1
57,2009,166.43,137.59,348.11,639.77,1
57,2010,0.5,370.03,183.53,430.47,1
57,2010,196.22,130.82,296.63,644.29,1
57,2011,0.5,377.93,190.31,422.57,1
57,2011,227.38,126.31,265.48,648.8,1
57,2012,0.5,357.62,211.98,442.88,1
57,2012,227.38,126.31,265.48,648.8,1
57,2013,0.5,331.67,262.1,468.83,1
57,2013,227.38,126.31,265.48,648.8,1
57,2014,0.5,327.16,224.17,473.34,1
57,2014,227.38,126.31,265.48,648.8,1
57,2015,0.5,326.03,245.84,474.47,1
57,2015,227.38,126.31,265.48,648.8,1
57,2016,52.648,338.44,246.52,462.06,1
57,2016,227.38,126.31,265.48,648.8,1
57,2017,52.648,338.44,261.42,462.06,1
57,2017,227.38,126.31,265.48,648.8,1
57,2018,59.421,330.54,254.65,469.96,1
57,2018,227.38,126.31,265.48,648.8,1
57,2019,59.421,340.7,261.42,459.8,1
57,2019,227.38,126.31,265.48,648.8,1
57,2020,59.421,340.7,261.42,459.8,1
57,2020,227.38,126.31,265.48,648.8,1
57,2021,59.421,340.7,261.42,459.8,1
57,2021,227.38,126.31,265.48,648.8,1
57,2022,59.421,340.7,261.42,459.8,1
57,2022,227.38,126.31,265.48,648.8,1
57,2023,59.421,340.7,270.9,459.8,1
57,2023,227.38,126.31,265.48,648.8,1
57,2024,59.421,340.7,270.9,459.8,1
57,2024,227.38,126.31,265.48,648.8,1
57,2025,59.421,340.7,270.9,459.8,1
57,2025,227.38,126.31,265.48,648.8,1
57,2026,59.421,340.7,270.9,459.8,1
57,2026,227.38,126.31,265.48,648.8,1
57,2027,59.421,340.7,270.9,459.8,1
57,2027,227.38,126.31,265.48,648.8,1
57,2028,59.421,340.7,270.9,459.8,1
57,2028,227.38,126.31,265.48,648.8,1
57,2029,59.421,340.7,270.9,459.8,1
57,2029,205.71,126.31,287.15,648.8,1
57,2030,59.421,340.7,270.9,459.8,1
57,2030,205.71,126.31,287.15,648.8,1
57,2031,59.421,340.7,270.9,459.8,1
57,2031,230.09,126.31,262.77,648.8,1
57,2032,59.421,340.7,270.9,459.8,1
57,2032,230.09,126.31,262.77,648.8,1
57,2033,70.257,336.18,260.06,464.32,1
57,2033,230.09,126.31,262.77,648.8,1
57,2034,70.257,336.18,260.06,464.32,1
57,2034,230.09,126.31,262.77,648.8,1
57,2035,70.257,336.18,260.06,464.32,1
57,2035,230.09,126.31,262.77,648.8,1
57,2036,70.257,336.18,260.06,464.32,1
57,2036,230.09,126.31,262.77,648.8,1
57,2037,70.257,336.18,260.06,464.32,1
57,2037,230.09,126.31,262.77,648.8,1
57,2038,32.331,324.9,232.97,475.6,1
57,2038,230.09,126.31,262.77,648.8,1
57,2039,13.368,317,245.16,483.5,1
57,2039,223.31,126.31,269.54,648.8,1
57,2040,18.786,315.87,261.42,484.63,1
57,2040,223.31,126.31,269.54,648.8,1
57,2040,773.24,145.49,59.598,373.48,1
57,2041,81.093,305.72,270.9,494.78,1
57,2041,259.89,126.31,232.97,648.8,1
57,2041,773.24,95.846,130.03,423.13,1
57,2042,257.18,288.79,205.88,511.71,1
57,2042,259.89,126.31,232.97,648.8,1
57,2042,786.79,91.332,143.58,429.9,1
57,2043,435.97,243.66,201.82,556.84,1
57,2043,308.65,112.77,184.21,640.9,1
57,2043,786.79,91.332,143.58,429.9,1
57,2044,593.09,216.58,279.03,583.92,1
57,2044,403.46,119.54,256,621.72,1
57,2044,786.79,91.332,174.73,429.9,1
57,2045,739.38,189.5,205.88,611,1
57,2045,510.47,99.231,170.67,642.03,1
57,2045,786.79,91.332,174.73,429.9,1
57,2046,811.17,151.13,203.17,563.05,1
57,2046,598.51,95.846,176.08,626.23,1
57,2046,786.79,91.332,174.73,429.9,1
57,2047,850.45,124.05,200.47,506.63,1
57,2047,658.11,80.049,203.17,585.61,1
57,2047,830.13,85.69,112.42,425.39,1
57,2048,853.16,107.13,174.73,485.19,1
57,2048,689.26,80.049,193.69,578.84,1
57,2048,830.13,85.69,112.42,425.39,1
57,2049,862.64,101.49,155.77,469.39,1
57,2049,755.63,73.279,224.85,578.84,1
57,2050,850.45,96.974,153.06,473.91,1
57,2050,767.82,65.38,269.54,564.17,1
57,2051,850.45,96.974,153.06,473.91,1
57,2051,756.99,65.38,268.19,520.17,1
57,2052,815.23,89.075,163.89,481.81,1
57,2052,756.99,52.968,268.19,532.58,1
57,2053,815.23,89.075,150.35,481.81,1
57,2053,847.74,52.968,177.44,532.58,1
57,2054,804.39,89.075,151.7,481.81,1
57,2055,804.39,89.075,151.7,481.81,1
57,2056,804.39,89.075,151.7,481.81,1
57,2210,1069.9,713.05,210.62,87.447,1
57,2211,1033.3,637.45,247.2,163.05,1
57,2212,1018.4,393.73,262.1,406.77,1
57,2213,820.65,319.26,392.8,481.24,1
57,2214,595.8,289.92,490.33,510.58,1
57,2215,444.1,267.35,619.01,533.15,1
57,2216,358.76,242.53,335.92,557.97,1
57,2216,923.59,524.62,356.91,275.88,1
57,2217,213.83,240.27,321.02,560.23,1
57,2217,862.64,420.81,293.93,379.69,1
57,2218,152.88,235.76,258.71,564.74,1
57,2218,595.8,380.19,452.4,420.31,1
57,2219,98.701,221.09,234.33,579.41,1
57,2219,560.58,313.62,487.62,486.88,1
57,2220,24.204,222.22,296.63,567.56,1
57,2220,469.83,276.38,524.19,524.12,1
57,2221,28.267,203.04,227.56,576.59,1
57,2221,392.63,250.43,304.76,550.07,1
57,2222,32.331,189.5,226.2,521.3,1
57,2222,379.08,205.3,222.14,585.61,1
57,2223,5.2407,189.5,214.01,530.32,1
57,2223,327.61,194.01,237.04,523.55,1
57,2224,0.5,191.76,193.02,548.38,1
57,2224,291.04,182.73,209.95,537.09,1
57,2225,0.5,191.76,193.02,548.38,1
57,2225,291.04,163.55,177.44,516.78,1
57,2226,0.5,191.76,193.02,548.38,1
57,2226,273.43,166.93,189.63,502.12,1
57,2227,0.5,191.76,193.02,548.38,1
57,2227,249.05,170.32,203.17,489.7,1
57,2228,0.5,191.76,193.02,548.38,1
57,2228,211.12,173.7,241.1,486.32,1
57,2229,0.5,191.76,193.02,548.38,1
57,2229,211.12,173.7,205.88,479.55,1
57,2230,0.5,210.94,210.62,541.61,1
57,2230,203,173.7,211.3,472.78,1
57,2231,0.5,210.94,210.62,541.61,1
57,2231,217.9,164.67,238.39,469.39,1
57,2232,0.5,215.45,264.8,585.05,1
57,2232,265.3,164.67,212.66,468.27,1
57,2233,28.267,221.09,237.04,579.41,1
57,2233,280.2,160.16,209.95,472.78,1
57,2234,72.966,223.35,319.66,577.15,1
57,2234,288.33,160.16,201.82,503.24,1
57,2235,140.69,210.94,266.84,589.56,1
57,2235,253.11,164.67,223.49,500.99,1
57,2236,167.78,219.96,239.75,580.54,1
57,2236,253.11,164.67,223.49,500.99,1
57,2237,185.39,235.76,269.54,564.74,1
57,2237,253.11,164.67,148.99,498.73,1
57,2238,197.58,244.79,308.83,555.71,1
57,2238,197.58,188.37,181.5,471.65,1
57,2239,270.72,231.25,246.52,569.25,1
57,2239,131.21,196.27,184.21,506.63,1
57,2240,328.97,241.4,239.75,559.1,1
57,2240,28.267,219.96,254.65,504.37,1
57,2241,311.36,268.48,250.58,532.02,1
57,2241,0.5,251.56,226.88,548.94,1
57,2242,253.11,273,284.44,527.5,1
57,2242,0.5,283.15,175.41,517.35,1
57,2243,213.83,273,304.76,527.5,1
57,2243,0.5,412.91,142.9,387.59,1
57,2244,193.52,263.97,285.8,536.53,1
57,2244,0.5,468.2,123.94,332.3,1
57,2245,234.15,268.48,258.71,532.02,1
57,2245,0.5,479.48,160.51,321.02,1
57,2246,280.2,282.02,302.05,518.48,1
57,2246,0.5,505.44,221.46,295.06,1
57,2247,361.47,270.74,261.42,529.76,1
57,2247,151.53,516.72,291.22,283.78,1
57,2248,483.38,252.69,287.15,547.81,1
57,2248,574.13,574.27,292.57,226.23,1
57,2249,576.84,277.51,245.16,522.99,1
57,2249,972.35,515.59,308.15,284.91,1
57,2250,666.24,309.1,387.39,491.4,1
57,2251,811.17,341.83,326.43,458.67,1
57,2252,957.45,386.96,323.05,413.54,1
57,2253,1006.2,566.37,274.29,234.13,1
57,2254,1239.2,735.62,41.312,64.88,1
57,2262,807.1,102.62,169.31,479.55,1
57,2263,781.37,117.28,157.12,525.81,1
57,2264,766.47,125.18,195.05,538.22,1
57,2265,777.3,156.78,214.01,621.72,1
57,2266,831.48,174.83,411.77,625.67,1
57,2267,942.55,177.09,337.95,623.41,1
57,2268,942.55,177.09,337.95,623.41,1
57,2269,942.55,177.09,337.95,623.41,1
57,2270,920.88,208.68,227.56,591.82,1
57,2271,826.07,261.71,322.37,538.79,1
57,2272,694.68,332.8,575.66,467.7,1
57,2273,515.89,417.43,694.86,383.07,1
57,2274,524.01,437.74,572.95,362.76,1
57,2275,824.71,455.79,318.31,344.71,1
57,2276,926.3,419.68,354.2,380.82,1
57,2277,1055,634.07,225.52,166.43,1
57,2286,1162,688.23,118.52,112.27,1
57,2287,1017.1,529.13,263.45,271.37,1
57,2288,786.79,395.99,493.71,404.51,1
57,2289,514.53,283.15,472.72,517.35,1
57,2290,469.83,207.55,428.02,592.95,1
57,2291,494.21,174.83,331.85,625.67,1
57,2292,464.42,160.16,308.83,568.69,1
57,2293,464.42,160.16,308.83,568.69,1
57,2294,464.42,160.16,308.83,568.69,1
57,2295,464.42,160.16,308.83,568.69,1
57,2296,464.42,160.16,308.83,568.69,1
57,2297,450.87,156.78,258.71,572.07,1
57,2298,440.03,156.78,212.66,618.34,1
57,2299,345.22,182.73,307.47,592.38,1
57,2300,353.35,213.19,464.59,587.31,1
57,2301,404.82,231.25,602.75,569.25,1
57,2302,467.12,256.07,594.62,544.43,1
57,2303,540.27,277.51,591.92,522.99,1
57,2304,552.46,301.21,545.86,499.29,1
57,2305,541.62,300.08,509.29,500.42,1
57,2306,552.46,326.03,498.46,474.47,1
57,2307,525.37,324.9,627.13,475.6,1
57,2308,544.33,306.85,669.12,493.65,1
57,2309,564.65,309.1,674.54,491.4,1
57,2310,564.65,309.1,712.47,491.4,1
57,2311,564.65,314.75,334.56,485.75,1
57,2312,221.96,300.08,555.34,500.42,1
57,2313,273.43,304.59,396.87,495.91,1
57,2314,177.26,286.54,437.5,513.96,1
57,2315,216.54,253.81,364.36,546.69,1
57,2316,197.58,224.48,352.17,576.02,1
57,2317,204.35,212.07,311.53,588.43,1
57,2318,209.77,204.17,306.12,596.33,1
57,2319,223.31,204.17,276.32,596.33,1
57,2320,223.31,204.17,276.32,596.33,1
57,2321,242.28,207.55,257.35,592.95,1
57,2322,242.28,207.55,257.35,592.95,1
57,2323,242.28,207.55,257.35,592.95,1
57,2324,270.72,208.68,228.91,591.82,1
57,2325,253.11,210.94,334.56,589.56,1
57,2326,295.1,219.96,315.6,580.54,1
57,2327,361.47,249.3,338.62,551.2,1
57,2328,330.32,261.71,297.99,538.79,1
57,2329,197.58,287.67,360.3,512.83,1
57,2330,192.16,330.54,285.8,469.96,1
57,2331,129.85,361.01,345.4,439.49,1
57,2332,188.1,321.52,360.3,478.98,1
57,2333,219.25,294.44,342.69,506.06,1
57,2334,178.62,280.89,398.22,519.61,1
57,2335,186.74,257.2,333.21,543.3,1
57,2336,200.29,265.1,319.66,535.4,1
57,2337,197.58,280.89,322.37,519.61,1
57,2338,197.58,280.89,322.37,519.61,1
57,2339,207.06,265.1,312.89,535.4,1
57,2340,217.9,263.97,302.05,536.53,1
57,2341,217.9,263.97,302.05,536.53,1
57,2342,217.9,263.97,302.05,536.53,1
57,2343,217.9,263.97,302.05,536.53,1
57,2344,197.58,266.23,322.37,534.27,1
57,2345,189.45,253.81,330.5,546.69,1
57,2346,221.96,230.12,352.17,570.38,1
57,2347,305.94,200.78,295.28,599.72,1
57,2348,305.94,200.78,295.28,599.72,1
57,2349,328.97,180.47,281.74,529.2,1
57,2350,343.87,200.78,261.42,491.96,1
57,2351,347.93,200.78,258.71,495.35,1
57,2352,337.09,174.83,279.03,521.3,1
57,2353,346.57,164.67,230.26,584.49,1
57,2354,311.36,178.22,218.07,583.36,1
57,2355,259.89,186.11,302.05,572.07,1
57,2356,251.76,177.09,292.57,582.23,1
57,2357,305.94,165.8,273.61,600.28,1
57,2357,1139,744.65,141.54,55.853,1
57,2358,311.36,160.16,274.96,612.69,1
57,2358,1019.8,658.89,260.74,141.61,1
57,2359,296.46,171.44,280.38,612.69,1
57,2359,893.79,428.71,386.71,371.79,1
57,2360,261.24,186.11,293.93,598.03,1
57,2360,840.97,408.4,323.72,392.1,1
57,2361,235.51,190.63,314.24,596.9,1
57,2361,595.8,384.7,488.97,415.8,1
57,2362,235.51,190.63,314.24,596.9,1
57,2362,492.86,327.16,564.83,473.34,1
57,2363,330.32,182.73,261.42,604.8,1
57,2363,375.02,329.41,376.55,471.09,1
57,2364,330.32,182.73,273.61,604.8,1
57,2364,277.49,333.93,356.23,466.57,1
57,2365,330.32,182.73,274.96,599.15,1
57,2365,243.63,307.98,327.79,492.52,1
57,2366,333.03,182.73,272.25,617.77,1
57,2366,133.92,313.62,302.05,486.88,1
57,2367,333.03,182.73,272.25,617.77,1
57,2367,51.294,315.87,384.68,484.63,1
57,2368,333.03,182.73,272.25,617.77,1
57,2368,0.5,317,401.61,483.5,1
57,2369,322.19,182.73,283.09,617.77,1
57,2369,0.5,330.54,351.49,469.96,1
57,2370,322.19,182.73,289.86,617.77,1
57,2370,0.5,331.67,321.69,468.83,1
57,2371,315.42,182.73,296.63,617.77,1
57,2371,0.5,320.39,312.21,480.11,1
57,2372,305.94,182.73,306.12,617.77,1
57,2372,0.5,309.1,312.21,491.4,1
57,2373,305.94,182.73,306.12,617.77,1
57,2373,0.5,300.08,309.5,500.42,1
57,2374,292.39,189.5,291.22,611,1
57,2374,0.5,288.79,286.48,511.71,1
57,2375,278.85,200.78,264.13,599.72,1
57,2375,0.5,289.92,304.08,510.58,1
57,2376,261.24,205.3,257.35,595.2,1
57,2376,0.5,286.54,363.68,513.96,1
57,2377,224.67,197.4,277.67,603.1,1
57,2377,26.913,277.51,331.85,522.99,1
57,2378,203,201.91,299.34,598.59,1
57,2378,26.913,286.54,338.62,513.96,1
57,2379,203,201.91,299.34,598.59,1
57,2379,17.431,296.69,380.61,503.81,1
57,2380,181.33,214.32,265.48,586.18,1
57,2380,9.3042,354.24,428.02,446.26,1
57,2381,181.33,214.32,265.48,586.18,1
57,2381,131.21,357.62,411.77,442.88,1
57,2382,181.33,214.32,265.48,586.18,1
57,2382,278.85,366.65,428.02,433.85,1
57,2383,181.33,214.32,265.48,586.18,1
57,2383,511.82,375.68,398.22,424.82,1
57,2384,181.33,214.32,265.48,586.18,1
57,2384,769.18,326.03,321.02,474.47,1
57,2385,181.33,209.81,250.58,590.69,1
57,2385,1008.9,364.39,271.58,436.11,1
57,2386,196.22,210.94,235.68,589.56,1
57,2386,1008.9,546.06,271.58,254.44,1
57,2387,196.22,210.94,235.68,589.56,1
57,2387,1008.9,622.78,271.58,177.72,1
57,2387,770.53,134.21,63.661,305.78,1
57,2388,217.9,217.71,214.01,582.79,1
57,2388,1091.5,748.03,188.95,52.468,1
57,2388,770.53,69.894,109.71,456.98,1
57,2389,316.78,199.65,234.33,600.85,1
57,2389,770.53,69.894,142.22,468.27,1
57,2390,463.06,187.24,299.34,579.97,1
57,2390,770.53,69.894,162.54,470.52,1
57,2390,904.63,86.819,94.815,365.59,1
57,2391,586.32,157.9,253.29,577.72,1
57,2391,797.62,69.894,140.87,466.01,1
57,2391,904.63,86.819,94.815,365.59,1
57,2392,713.64,136.47,227.56,535.97,1
57,2392,797.62,69.894,140.87,466.01,1
57,2392,904.63,86.819,94.815,365.59,1
57,2393,798.98,131.95,226.2,488.58,1
57,2393,797.62,69.894,140.87,466.01,1
57,2393,904.63,86.819,94.815,365.59,1
57,2394,874.83,118.41,212.66,507.76,1
57,2394,811.17,59.738,138.16,449.08,1
57,2394,920.88,94.717,97.524,357.69,1
57,2395,859.93,118.41,227.56,507.76,1
57,2395,765.11,60.867,184.21,447.95,1
57,2395,964.22,95.846,113.78,356.56,1
57,2396,803.04,113.9,270.9,488.58,1
57,2396,750.21,60.867,199.11,447.95,1
57,2396,964.22,95.846,113.78,356.56,1
57,2397,775.95,113.9,297.99,486.32,1
57,2397,746.15,51.84,203.17,456.98,1
57,2397,964.22,95.846,113.78,356.56,1
57,2398,858.57,113.9,215.37,486.32,1
57,2398,746.15,51.84,203.17,456.98,1
57,2399,882.96,113.9,190.98,486.32,1
57,2399,800.33,57.482,131.39,451.34,1
57,3171,1044.7,734.97,235.79,65.532,1
57,3172,1032.5,409.86,248.04,390.64,1
57,3173,632.33,341.78,451.16,458.72,1
57,3174,532.3,261.78,465.45,538.72,1
57,3174,1050.8,510.29,229.67,290.21,1
57,3175,450.64,212.41,269.47,588.09,1
57,3175,985.51,397.95,294.99,402.55,1
57,3176,383.28,180.07,236.81,620.43,1
57,3176,850.77,369.01,324.59,431.49,1
57,3177,344.49,157.95,228.64,573.62,1
57,3177,665,321.35,440.96,479.15,1
57,3178,281.2,163.05,255.18,561.7,1
57,3178,558.84,304.33,547.11,496.17,1
57,3179,236.29,166.46,228.64,583.83,1
57,3179,466.98,283.9,602.23,516.6,1
57,3180,170.96,190.29,238.85,594.04,1
57,3180,456.77,239.65,320.51,560.85,1
57,3181,113.8,215.82,216.4,566.81,1
57,3181,434.31,237.95,279.68,562.55,1
57,3182,75.014,207.31,230.69,580.43,1
57,3182,303.66,207.31,300.1,593.19,1
57,3183,75.014,207.31,230.69,580.43,1
57,3183,268.95,234.54,334.8,565.96,1
57,3184,75.014,207.31,230.69,580.43,1
57,3184,262.83,195.39,269.47,605.11,1
57,3185,46.433,210.71,218.44,589.79,1
57,3185,211.79,193.69,320.51,606.81,1
57,3186,0.5,239.65,264.37,560.85,1
57,3186,154.63,224.33,242.93,576.17,1
57,3187,0.5,239.65,264.37,560.85,1
57,3187,154.63,229.44,302.14,571.06,1
57,3188,21.935,214.12,230.69,586.38,1
57,3188,154.63,229.44,302.14,571.06,1
57,3189,68.889,205.61,193.94,546.38,1
57,3189,154.63,263.48,342.97,537.02,1
57,3190,99.511,195.39,163.32,556.6,1
57,3190,154.63,263.48,342.97,537.02,1
57,3191,162.8,190.29,251.1,561.7,1
57,3191,154.63,263.48,342.97,537.02,1
57,3192,162.8,190.29,251.1,561.7,1
57,3192,154.63,263.48,342.97,537.02,1
57,3193,162.8,190.29,251.1,561.7,1
57,3193,34.184,260.07,363.38,540.43,1
57,3194,162.8,190.29,251.1,561.7,1
57,3194,38.267,258.37,279.68,542.13,1
57,3195,175.05,190.29,238.85,561.7,1
57,3195,0.5,266.88,235.79,533.62,1
57,3196,181.17,173.27,232.73,590.64,1
57,3196,0.5,266.88,235.79,533.62,1
57,3197,232.21,161.35,181.69,602.55,1
57,3197,0.5,266.88,235.79,533.62,1
57,3198,268.95,164.76,200.06,597.45,1
57,3198,0.5,266.88,235.79,533.62,1
57,3198,811.17,103.74,128.68,401.69,1
57,3199,299.57,164.76,169.44,597.45,1
57,3199,0.5,266.88,235.79,533.62,1
57,3199,811.17,103.74,128.68,401.69,1
57,3200,391.44,176.67,271.52,592.34,1
57,3200,0.5,266.88,235.79,533.62,1
57,3200,811.17,103.74,128.68,401.69,1
57,3201,556.8,147.73,163.32,611.06,1
57,3201,46.433,275.39,261.31,525.11,1
57,3201,811.17,103.74,128.68,401.69,1
57,3202,660.91,139.22,204.15,561.7,1
57,3202,109.72,273.69,298.05,526.81,1
57,3202,811.17,103.74,128.68,401.69,1
57,3203,738.49,125.61,187.81,575.32,1
57,3203,254.66,241.35,271.52,559.15,1
57,3203,811.17,103.74,128.68,401.69,1
57,3204,754.82,105.18,181.69,498.72,1
57,3204,368.98,263.48,259.27,537.02,1
57,3204,811.17,103.74,128.68,401.69,1
57,3205,762.99,100.07,204.15,495.32,1
57,3205,505.76,277.1,285.81,523.4,1
57,3205,811.17,103.74,128.68,401.69,1
57,3206,762.99,100.07,204.15,495.32,1
57,3206,656.83,287.31,404.21,513.19,1
57,3206,811.17,103.74,128.68,401.69,1
57,3207,762.99,100.07,165.36,476.6,1
57,3207,799.73,329.86,298.05,470.64,1
57,3207,811.17,103.74,128.68,401.69,1
57,3208,762.99,100.07,165.36,476.6,1
57,3208,934.47,380.93,346.03,419.57,1
57,3208,811.17,103.74,128.68,401.69,1
57,3209,762.99,100.07,165.36,476.6,1
57,3209,1146.8,546.03,133.72,254.47,1
57,3209,811.17,103.74,128.68,401.69,1
57,3210,762.99,100.07,116.36,476.6,1
57,3210,811.17,96.974,112.42,408.46,1
57,3211,762.99,93.266,65.327,483.4,1
57,3401,732.61,146.62,104.3,445.7,1
57,3402,729.9,106,154.41,514.53,1
57,3403,708.22,118.41,172.02,513.4,1
57,3403,831.01,84.681,107.12,483.62,1
57,3404,731.25,150.01,176.08,583.36,1
57,3404,784.91,90.331,147.8,477.97,1
57,3404,927.28,178.47,35.254,142.37,1
57,3405,790.85,170.32,296.63,630.18,1
57,3405,748.3,108.41,169.49,522.03,1
57,3405,904.23,106.15,120.68,462.15,1
57,3405,951.69,64.342,69.153,142.37,1
57,3406,869.41,201.91,411.09,598.59,1
57,3406,710.33,120.84,207.46,563.84,1
57,3406,852.7,124.23,172.2,444.07,1
57,3406,925.92,72.251,120.68,221.47,1
57,3407,1008.9,203.04,271.58,597.46,1
57,3407,656.09,140.05,230.51,621.47,1
57,3407,813.38,137.79,185.76,463.28,1
57,3407,894.74,72.251,147.8,467.8,1
57,3408,1017.1,227.86,263.45,572.64,1
57,3408,662.87,172.82,253.56,627.68,1
57,3408,733.38,145.7,176.27,490.4,1
57,3408,844.57,86.941,165.42,482.49,1
57,3409,1031.9,269.61,248.55,530.89,1
57,3409,664.23,207.84,269.83,592.66,1
57,3409,706.26,154.74,219.66,493.79,1
57,3409,809.31,92.59,165.42,470.06,1
57,3410,1063.1,292.18,217.4,508.32,1
57,3410,574.74,230.44,318.64,570.06,1
57,3410,726.6,170.56,227.8,557.06,1
57,3410,784.91,101.63,158.64,527.68,1
57,3410,961.18,88.071,108.47,499.44,1
57,3411,1042.8,310.23,237.71,490.27,1
57,3411,558.47,292.59,362.03,507.91,1
57,3411,738.81,192.03,218.31,560.45,1
57,3411,653.38,111.8,210.17,533.33,1
57,3411,797.11,64.342,256.27,505.08,1
57,3412,1059,297.82,221.46,502.68,1
57,3412,525.92,379.6,360.68,420.9,1
57,3412,757.79,201.06,283.39,599.44,1
57,3412,578.81,129.88,215.59,596.61,1
57,3412,748.3,64.342,248.14,500.56,1
57,3413,1056.3,267.35,224.17,533.15,1
57,3413,588.3,479.03,444.75,321.47,1
57,3413,810.67,193.16,264.41,607.34,1
57,3413,521.86,145.7,216.95,597.74,1
57,3413,748.3,64.342,222.37,503.95,1
57,3414,1053.6,250.43,226.88,550.07,1
57,3414,798.47,440.61,383.73,359.89,1
57,3414,810.67,193.16,349.83,607.34,1
57,3414,440.5,147.96,249.49,601.13,1
57,3414,748.3,64.342,222.37,503.95,1
57,3415,1053.6,250.43,226.88,550.07,1
57,3415,1001.9,506.15,278.64,294.35,1
57,3415,776.77,193.16,390.51,607.34,1
57,3415,421.52,150.22,268.47,598.87,1
57,3415,854.06,58.692,151.86,509.6,1
57,3416,966.93,238.02,216.72,562.48,1
57,3416,1229.7,697.11,50.847,103.39,1
57,3416,740.16,194.29,383.73,606.21,1
57,3416,406.6,157,276.61,595.48,1
57,3416,854.06,63.212,170.85,505.08,1
57,3417,805.75,228.99,251.94,571.51,1
57,3417,775.42,184.12,345.76,616.38,1
57,3417,327.96,167.17,284.75,633.33,1
57,3418,720.42,252.69,291.22,547.81,1
57,3418,767.28,204.45,329.49,596.05,1
57,3418,304.91,184.12,240,616.38,1
57,3419,804.39,328.29,315.6,472.21,1
57,3419,711.69,230.44,385.08,570.06,1
57,3419,214.06,204.45,301.02,596.05,1
57,3420,1059,411.78,221.46,388.72,1
57,3420,708.97,273.38,387.8,527.12,1
57,3420,203.21,229.31,311.86,571.19,1
57,3421,723.89,335.53,372.88,464.97,1
57,3421,327.96,216.88,486.78,583.62,1
57,3422,893.38,398.81,301.02,401.69,1
57,3422,441.86,265.47,546.44,535.03,1
57,3423,953.04,469.99,327.46,330.51,1
57,3423,547.62,315.19,500.34,485.31,1
57,3424,1134.7,677.9,145.76,122.6,1
57,3424,749.65,359.26,322.71,441.24,1
57,3425,890.67,390.9,374.24,409.6,1
57,3426,1004.6,382.99,275.93,417.51,1
57,3427,1039.8,515.19,240.68,148.02,1
57,3430,1015.4,581.86,265.08,218.64,1
57,3431,976.09,335.53,304.41,464.97,1
57,3432,634.4,295.98,444.75,504.52,1
57,3433,464.91,267.73,614.24,532.77,1
57,3434,357.79,221.4,646.78,579.1,1
57,3434,1027.6,547.96,252.88,252.54,1
57,3435,276.43,196.55,374.24,603.95,1
57,3435,787.62,521.97,313.22,278.53,1
57,3436,239.82,184.12,311.86,616.38,1
57,3436,553.04,450.78,497.63,349.72,1
57,3436,1079.1,603.32,201.36,120.9,1
57,3437,234.4,155.87,298.31,644.63,1
57,3437,369.99,410.1,568.14,390.4,1
57,3437,1024.9,393.16,255.59,407.34,1
57,3438,261.52,127.62,288.81,601.13,1
57,3438,283.21,346.83,302.37,453.67,1
57,3438,645.25,368.3,452.88,432.2,1
57,3439,300.84,115.19,249.49,506.21,1
57,3439,224.91,306.15,245.42,494.35,1
57,3439,482.53,317.45,581.69,483.05,1
57,3440,257.45,116.32,231.86,505.08,1
57,3440,129.99,298.24,234.58,502.26,1
57,3440,333.38,295.98,692.88,504.52,1
57,3440,1109,514.06,171.53,286.44,1
57,3441,196.43,117.45,249.49,500.56,1
57,3441,0.5,327.62,317.97,472.88,1
57,3441,296.77,263.21,382.37,537.29,1
57,3441,892.03,479.03,388.47,321.47,1
57,3442,109.65,138.92,234.58,498.31,1
57,3442,0.5,317.45,204.07,483.05,1
57,3442,275.08,249.65,356.61,550.85,1
57,3442,650.67,445.13,454.24,355.37,1
57,3443,37.788,147.96,211.53,489.27,1
57,3443,0.5,318.58,168.81,481.92,1
57,3443,90.669,284.68,321.36,515.82,1
57,3443,489.31,437.22,432.54,363.28,1
57,3444,0.5,157,248.81,480.23,1
57,3444,0.5,318.58,168.81,481.92,1
57,3444,1.178,315.19,254.92,485.31,1
57,3444,310.33,420.27,432.54,380.23,1
57,3445,0.5,168.3,187.8,462.15,1
57,3445,0.5,318.58,168.81,481.92,1
57,3445,1.178,367.17,142.37,433.33,1
57,3445,285.92,411.23,394.58,389.27,1
57,3446,0.5,177.34,143.05,453.11,1
57,3446,21.517,312.93,277.97,487.57,1
57,3446,1.178,367.17,142.37,433.33,1
57,3446,295.42,352.48,385.08,448.02,1
57,3447,0.5,177.34,175.59,466.67,1
57,3447,167.96,279.03,223.73,521.47,1
57,3447,1.178,347.96,157.29,452.54,1
57,3447,295.42,352.48,385.08,448.02,1
57,3448,0.5,177.34,175.59,466.67,1
57,3448,262.87,273.38,226.44,527.12,1
57,3448,1.178,347.96,157.29,452.54,1
57,3448,256.09,354.74,378.31,445.76,1
57,3449,0.5,167.17,175.59,476.84,1
57,3449,393.04,267.73,238.64,532.77,1
57,3449,1.178,347.96,157.29,452.54,1
57,3449,239.82,366.04,338.98,434.46,1
57,3450,0.5,167.17,175.59,476.84,1
57,3450,524.57,276.77,246.78,523.73,1
57,3450,1.178,349.09,173.56,451.41,1
57,3450,247.96,412.36,394.58,388.14,1
57,3451,0.5,167.17,175.59,476.84,1
57,3451,609.99,257.56,235.93,542.94,1
57,3451,1.178,349.09,173.56,451.41,1
57,3451,247.96,438.35,465.08,362.15,1
57,3452,0.5,167.17,175.59,476.84,1
57,3452,673.72,285.81,238.64,514.69,1
57,3452,1.178,349.09,173.56,451.41,1
57,3452,273.72,466.6,466.44,333.9,1
57,3453,0.5,167.17,175.59,476.84,1
57,3453,713.04,289.2,258.98,511.3,1
57,3453,1.178,349.09,173.56,451.41,1
57,3453,271.01,444,469.15,356.5,1
57,3454,0.5,167.17,175.59,476.84,1
57,3454,729.31,291.46,258.98,509.04,1
57,3454,1.178,349.09,173.56,451.41,1
57,3454,224.91,425.92,406.78,374.58,1
57,3455,0.5,167.17,175.59,476.84,1
57,3455,729.31,291.46,258.98,509.04,1
57,3455,1.178,349.09,173.56,451.41,1
57,3455,146.26,423.66,356.61,376.84,1
57,3456,0.5,167.17,175.59,476.84,1
57,3456,729.31,291.46,258.98,509.04,1
57,3456,1.178,349.09,173.56,451.41,1
57,3456,97.449,434.96,368.81,365.54,1
57,3457,0.5,167.17,175.59,476.84,1
57,3457,729.31,291.46,258.98,509.04,1
57,3457,1.178,349.09,173.56,451.41,1
57,3457,140.84,439.48,362.03,361.02,1
57,3458,0.5,167.17,175.59,476.84,1
57,3458,742.87,305.02,265.76,495.48,1
57,3458,1.178,349.09,173.56,451.41,1
57,3458,215.42,430.44,379.66,370.06,1
57,3459,0.5,186.38,182.37,492.66,1
57,3459,742.87,295.98,265.76,504.52,1
57,3459,1.178,349.09,173.56,451.41,1
57,3459,215.42,411.23,389.15,389.27,1
57,3460,0.5,186.38,191.86,523.16,1
57,3460,742.87,295.98,265.76,504.52,1
57,3460,1.178,338.92,173.56,461.58,1
57,3460,182.87,416.88,433.9,383.62,1
57,3461,0.5,186.38,191.86,523.16,1
57,3461,742.87,295.98,265.76,504.52,1
57,3461,1.178,338.92,173.56,461.58,1
57,3461,209.99,467.73,458.31,332.77,1
57,3462,0.5,186.38,191.86,523.16,1
57,3462,742.87,290.33,250.85,510.17,1
57,3462,1.178,338.92,180.34,461.58,1
57,3462,247.96,474.51,433.9,325.99,1
57,3463,0.5,186.38,191.86,523.16,1
57,3463,742.87,290.33,250.85,510.17,1
57,3463,1.178,338.92,180.34,461.58,1
57,3463,247.96,474.51,433.9,325.99,1
57,3464,0.5,196.55,227.12,533.33,1
57,3464,742.87,290.33,250.85,510.17,1
57,3464,1.178,338.92,180.34,461.58,1
57,3464,247.96,474.51,433.9,325.99,1
57,3465,0.5,196.55,246.1,536.72,1
57,3465,719.82,291.46,273.9,509.04,1
57,3465,1.178,338.92,180.34,461.58,1
57,3465,268.3,474.51,413.56,325.99,1
57,3466,0.5,196.55,246.1,536.72,1
57,3466,775.42,290.33,265.76,510.17,1
57,3466,1.178,338.92,180.34,461.58,1
57,3466,268.3,474.51,413.56,325.99,1
57,3467,0.5,187.51,246.1,545.76,1
57,3467,841.86,283.55,322.71,516.95,1
57,3467,1.178,338.92,180.34,461.58,1
57,3467,268.3,458.69,391.86,341.81,1
57,3468,0.5,187.51,246.1,545.76,1
57,3468,841.86,284.68,359.32,515.82,1
57,3468,1.178,338.92,180.34,461.58,1
57,3468,243.89,419.14,416.27,381.36,1
57,3469,0.5,187.51,246.1,545.76,1
57,3469,841.86,283.55,322.71,516.95,1
57,3469,1.178,338.92,192.54,461.58,1
57,3469,196.43,389.77,355.25,410.73,1
57,3470,0.5,187.51,246.1,545.76,1
57,3470,841.86,273.38,218.31,527.12,1
57,3470,1.178,338.92,192.54,461.58,1
57,3470,165.25,371.69,374.24,428.81,1
57,3471,0.5,187.51,246.1,545.76,1
57,3471,742.87,269.99,244.07,530.51,1
57,3471,1.178,338.92,192.54,461.58,1
57,3471,158.47,355.87,381.02,444.63,1
57,3472,0.5,187.51,246.1,545.76,1
57,3472,601.86,277.9,271.19,522.6,1
57,3472,1.178,338.92,192.54,461.58,1
57,3472,185.58,349.09,328.14,451.41,1
57,3473,0.5,187.51,246.1,545.76,1
57,3473,547.62,260.95,227.8,539.55,1
57,3473,1.178,323.1,192.54,477.4,1
57,3473,200.5,349.09,348.47,451.41,1
57,3474,0.5,187.51,246.1,545.76,1
57,3474,536.77,259.82,221.02,540.68,1
57,3474,1.178,315.19,192.54,485.31,1
57,3474,200.5,349.09,353.9,451.41,1
57,3475,0.5,187.51,246.1,545.76,1
57,3475,536.77,259.82,221.02,540.68,1
57,3475,0.5,298.24,193.22,502.26,1
57,3475,200.5,349.09,353.9,451.41,1
57,3476,0.5,187.51,246.1,545.76,1
57,3476,536.77,259.82,221.02,540.68,1
57,3476,0.5,298.24,193.22,502.26,1
57,3476,181.52,371.69,359.32,428.81,1
57,3477,0.5,187.51,246.1,545.76,1
57,3477,536.77,259.82,221.02,540.68,1
57,3477,0.5,298.24,193.22,502.26,1
57,3477,89.314,428.18,376.95,372.32,1
57,3478,0.5,202.19,235.25,531.07,1
57,3478,536.77,259.82,221.02,540.68,1
57,3478,0.5,298.24,193.22,502.26,1
57,3478,67.619,456.43,371.53,344.07,1
57,3479,0.5,202.19,235.25,531.07,1
57,3479,536.77,259.82,221.02,540.68,1
57,3479,0.5,298.24,193.22,502.26,1
57,3479,59.483,433.83,405.42,366.67,1
57,3480,0.5,202.19,235.25,531.07,1
57,3480,504.23,279.03,238.64,521.47,1
57,3480,0.5,298.24,193.22,502.26,1
57,3480,153.04,368.3,375.59,432.2,1
57,3481,0.5,202.19,235.25,531.07,1
57,3481,468.97,269.99,230.51,530.51,1
57,3481,0.5,298.24,193.22,502.26,1
57,3481,184.23,341.18,363.39,459.32,1
57,3482,0.5,202.19,235.25,531.07,1
57,3482,433.72,271.12,237.29,529.38,1
57,3482,0.5,281.29,193.22,519.21,1
57,3482,170.67,335.53,329.49,464.97,1
57,3483,0.5,192.03,191.86,541.24,1
57,3483,433.72,271.12,237.29,529.38,1
57,3483,0.5,281.29,193.22,519.21,1
57,3483,129.99,331.01,296.95,469.49,1
57,3484,0.5,192.03,191.86,541.24,1
57,3484,433.72,271.12,237.29,529.38,1
57,3484,0.5,281.29,193.22,519.21,1
57,3484,112.36,332.14,314.58,468.36,1
57,3485,0.5,192.03,191.86,541.24,1
57,3485,433.72,268.86,248.14,531.64,1
57,3485,0.5,281.29,193.22,519.21,1
57,3485,163.89,338.92,305.08,461.58,1
57,3486,0.5,192.03,191.86,541.24,1
57,3486,433.72,268.86,248.14,531.64,1
57,3486,0.5,281.29,193.22,519.21,1
57,3486,214.06,353.61,306.44,446.89,1
57,3487,0.5,192.03,239.32,542.37,1
57,3487,422.87,273.38,258.98,527.12,1
57,3487,0.5,281.29,193.22,519.21,1
57,3487,214.06,344.57,338.98,455.93,1
57,3488,0.5,192.03,239.32,542.37,1
57,3488,413.38,284.68,238.64,515.82,1
57,3488,0.5,281.29,193.22,519.21,1
57,3488,148.97,352.48,355.25,448.02,1
57,3489,0.5,192.03,239.32,542.37,1
57,3489,413.38,284.68,238.64,515.82,1
57,3489,0.5,281.29,193.22,519.21,1
57,3489,96.093,335.53,292.88,464.97,1
57,3490,0.5,192.03,239.32,542.37,1
57,3490,413.38,284.68,238.64,515.82,1
57,3490,0.5,281.29,193.22,519.21,1
57,3490,96.093,342.31,309.15,458.19,1
57,3491,0.5,192.03,239.32,542.37,1
57,3491,413.38,284.68,238.64,515.82,1
57,3491,0.5,281.29,193.22,519.21,1
57,3491,96.093,338.92,309.15,461.58,1
57,3492,0.5,192.03,239.32,542.37,1
57,3492,413.38,284.68,238.64,515.82,1
57,3492,0.5,281.29,193.22,519.21,1
57,3492,193.72,332.14,276.61,468.36,1
57,3493,0.5,192.03,239.32,542.37,1
57,3493,413.38,284.68,238.64,515.82,1
57,3493,0.5,281.29,193.22,519.21,1
57,3493,193.72,332.14,306.44,468.36,1
57,3494,0.5,192.03,239.32,542.37,1
57,3494,413.38,284.68,238.64,515.82,1
57,3494,0.5,281.29,193.22,519.21,1
57,3494,134.06,334.4,311.86,466.1,1
57,3495,0.5,192.03,239.32,542.37,1
57,3495,413.38,284.68,238.64,515.82,1
57,3495,0.5,281.29,193.22,519.21,1
57,3495,124.57,358.13,332.2,442.37,1
57,3496,0.5,192.03,239.32,542.37,1
57,3496,413.38,284.68,238.64,515.82,1
57,3496,0.5,281.29,193.22,519.21,1
57,3496,117.79,342.31,310.51,458.19,1
57,3497,0.5,192.03,239.32,542.37,1
57,3497,426.94,284.68,225.08,515.82,1
57,3497,0.5,281.29,193.22,519.21,1
57,3497,79.822,362.65,413.56,437.85,1
57,3498,0.5,192.03,239.32,542.37,1
57,3498,426.94,284.68,235.93,515.82,1
57,3498,0.5,281.29,193.22,519.21,1
57,3498,54.059,405.58,456.95,394.92,1
57,3499,0.5,192.03,239.32,542.37,1
57,3499,426.94,284.68,235.93,515.82,1
57,3499,0.5,281.29,193.22,519.21,1
57,3499,54.059,398.81,398.64,401.69,1
57,3500,0.5,192.03,239.32,542.37,1
57,3500,393.04,292.59,244.07,507.91,1
57,3500,0.5,281.29,193.22,519.21,1
57,3500,54.059,398.81,398.64,401.69,1
57,3501,0.5,192.03,239.32,542.37,1
57,3501,365.92,281.29,271.19,519.21,1
57,3501,0.5,281.29,193.22,519.21,1
57,3501,54.059,379.6,326.78,420.9,1
57,3502,0.5,192.03,239.32,542.37,1
57,3502,357.79,251.91,237.29,548.59,1
57,3502,0.5,281.29,193.22,519.21,1
57,3502,92.025,370.56,330.85,429.94,1
57,3503,0.5,192.03,239.32,542.37,1
57,3503,321.18,256.43,212.88,544.07,1
57,3503,0.5,281.29,193.22,519.21,1
57,3503,181.52,328.75,343.05,471.75,1
57,3504,0.5,192.03,239.32,542.37,1
57,3504,277.79,250.78,196.61,549.72,1
57,3504,0.5,281.29,193.22,519.21,1
57,3504,181.52,328.75,343.05,471.75,1
57,3505,0.5,192.03,239.32,542.37,1
57,3505,242.53,253.04,189.83,547.46,1
57,3505,0.5,281.29,193.22,519.21,1
57,3505,115.08,337.79,345.76,462.71,1
57,3506,0.5,192.03,239.32,542.37,1
57,3506,242.53,231.57,207.46,526.55,1
57,3506,0.5,281.29,193.22,519.21,1
57,3506,96.093,345.7,303.73,454.8,1
57,3507,0.5,192.03,239.32,542.37,1
57,3507,242.53,223.66,207.46,534.46,1
57,3507,0.5,281.29,193.22,519.21,1
57,3507,136.77,345.7,310.51,454.8,1
57,3508,0.5,192.03,239.32,542.37,1
57,3508,242.53,223.66,207.46,534.46,1
57,3508,0.5,281.29,193.22,519.21,1
57,3508,196.43,328.75,279.32,471.75,1
57,3509,0.5,192.03,239.32,542.37,1
57,3509,242.53,223.66,207.46,534.46,1
57,3509,0.5,281.29,193.22,519.21,1
57,3509,181.52,328.75,294.24,471.75,1
57,3510,0.5,192.03,239.32,542.37,1
57,3510,242.53,223.66,207.46,534.46,1
57,3510,0.5,281.29,193.22,519.21,1
57,3510,181.52,328.75,294.24,471.75,1
57,3511,0.5,192.03,239.32,542.37,1
57,3511,242.53,223.66,207.46,534.46,1
57,3511,0.5,281.29,193.22,519.21,1
57,3511,135.42,333.27,325.42,467.23,1
57,3512,0.5,192.03,239.32,542.37,1
57,3512,242.53,223.66,207.46,534.46,1
57,3512,0.5,281.29,193.22,519.21,1
57,3512,70.331,354.74,349.83,445.76,1
57,3513,0.5,192.03,239.32,542.37,1
57,3513,242.53,223.66,207.46,534.46,1
57,3513,0.5,281.29,193.22,519.21,1
57,3513,121.86,360.39,298.31,440.11,1
57,3514,0.5,192.03,239.32,542.37,1
57,3514,242.53,223.66,207.46,534.46,1
57,3514,0.5,281.29,193.22,519.21,1
57,3514,146.26,419.14,290.17,381.36,1
57,3515,0.5,192.03,239.32,542.37,1
57,3515,242.53,223.66,207.46,534.46,1
57,3515,0.5,305.02,218.98,495.48,1
57,3515,162.53,448.52,404.07,351.98,1
57,3516,0.5,192.03,239.32,542.37,1
57,3516,242.53,223.66,207.46,534.46,1
57,3516,0.5,305.02,218.98,495.48,1
57,3516,162.53,448.52,404.07,351.98,1
57,3517,0.5,192.03,239.32,542.37,1
57,3517,242.53,223.66,207.46,534.46,1
57,3517,0.5,305.02,218.98,495.48,1
57,3517,144.91,388.64,326.78,411.86,1
57,3518,0.5,192.03,239.32,542.37,1
57,3518,284.57,227.05,211.53,507.34,1
57,3518,0.5,305.02,218.98,495.48,1
57,3518,100.16,368.3,325.42,432.2,1
57,3519,0.5,192.03,239.32,542.37,1
57,3519,401.18,228.18,282.03,506.21,1
57,3519,0.5,269.99,217.63,530.51,1
57,3519,157.11,346.83,306.44,453.67,1
57,3520,0.5,192.03,328.81,552.54,1
57,3520,592.36,206.71,229.15,516.38,1
57,3520,0.5,264.34,277.29,536.16,1
57,3520,355.08,300.5,309.15,500,1
57,3521,47.28,171.69,282.03,614.69,1
57,3521,745.58,169.43,196.61,505.08,1
57,3521,172.03,246.26,221.02,554.24,1
57,3521,524.57,248.52,229.15,551.98,1
57,3522,120.5,171.69,314.58,595.48,1
57,3522,791.69,142.31,195.25,456.5,1
57,3522,360.5,227.05,206.1,573.45,1
57,3522,619.48,214.62,276.61,585.88,1
57,3523,215.42,151.35,268.47,618.08,1
57,3523,755.08,133.27,181.69,459.89,1
57,3523,523.21,177.34,225.08,623.16,1
57,3523,756.43,160.39,245.42,636.16,1
57,3524,306.26,151.35,320,607.91,1
57,3524,755.08,124.23,178.98,468.93,1
57,3524,615.42,151.35,311.86,649.15,1
57,3524,847.28,134.4,187.12,554.8,1
57,3525,416.09,131.01,269.83,630.51,1
57,3525,828.3,120.84,131.53,440.68,1
57,3525,751.01,135.53,222.37,640.68,1
57,3525,901.52,117.45,166.78,519.77,1
57,3526,543.55,125.36,221.02,604.52,1
57,3526,828.3,123.1,172.2,438.42,1
57,3526,812.03,99.37,246.78,587.57,1
57,3526,970.67,109.54,103.05,503.95,1
57,3527,671.01,125.36,184.41,604.52,1
57,3527,855.42,102.76,117.97,416.95,1
57,3527,883.89,99.37,174.92,534.46,1
57,3527,970.67,100.5,115.25,512.99,1
57,3528,730.67,106.15,189.83,564.97,1
57,3528,855.42,102.76,128.81,416.95,1
57,3528,959.82,90.331,154.58,543.5,1
57,3529,795.75,90.331,202.03,533.33,1
57,3529,855.42,102.76,141.02,416.95,1
57,3530,753.72,80.161,265.76,508.47,1
57,3530,855.42,102.76,141.02,416.95,1
57,3531,753.72,74.511,244.07,514.12,1
57,3531,855.42,102.76,141.02,416.95,1
57,3532,753.72,69.992,253.56,518.64,1
57,3533,825.58,69.992,181.69,518.64,1
