58,1413,637.42,256.41,211.1,514.87,31.85
58,1413,607,388,82,200,11.785
58,1414,728.57,194.29,234.29,571.43,67.923
58,1415,728.57,171.43,234.29,571.43,44.699
58,1415,703.5,370,41,100,4.29
58,1416,699.35,194.87,211.1,514.87,65.513
58,1417,624.31,162.5,256.89,626.57,53.144
58,1418,616.77,215.38,211.1,514.87,47.637
58,1419,624.31,162.5,256.89,626.57,51.676
58,1420,637.14,217.14,234.29,571.43,56.564
58,1421,660,194.29,234.29,571.43,55.825
58,1422,637.14,217.14,234.29,571.43,41.595
58,1422,758.92,321.74,177.66,433.32,12.692
58,1423,852.41,466.06,75.336,183.75,22.678
58,1423,822.6,521.43,48.788,118.99,17.523
58,1423,647,356,82,200,3.248
58,1424,826.12,543.48,89.208,217.58,25.987
58,1424,763.5,462,41,100,20.045
58,1425,521.82,414.55,149.09,363.64,18.922
58,1425,817.84,678.57,48.788,118.99,5.9878
58,1426,343.08,461.54,126.15,307.69,38.236
58,1426,503.79,602.38,48.788,118.99,0.57197
58,1428,303.94,597.62,48.788,118.99,13.981
58,1428,454.62,643.08,63.077,153.85,11.323
58,1428,589.44,678.57,48.788,118.99,3.8894
58,1429,436.31,675.41,44.789,109.24,14.447
58,1429,283.41,618.58,44.789,109.24,12.322
58,1429,453.79,692.9,44.789,109.24,2.6435
58,1430,423,596,82,200,17.229
58,1430,270.63,578.57,48.788,118.99,6.2482
58,1431,408.16,578.26,89.208,217.58,15.268
58,1432,418.39,612.84,75.336,183.75,24.361
58,1433,447.82,612.84,75.336,183.75,18.209
58,1433,534.62,643.08,63.077,153.85,11.048
58,1435,473.08,643.08,63.077,153.85,11.647
58,1436,484.21,628.57,68.997,168.29,22.121
58,1436,373.98,667.53,53.3,130,2.0753
58,1436,457.26,635.29,68.997,168.29,1.9789
58,1437,443.79,621.85,68.997,168.29,16.078
58,1438,528.46,643.08,63.077,153.85,11.895
58,1438,442.31,649.23,63.077,153.85,10.142
58,1438,365.8,673.81,48.788,118.99,9.0182
58,1438,238.05,535.06,106.6,260.01,1.6037
58,1439,455.17,620.18,75.336,183.75,11.613
58,1439,331.54,649.23,63.077,153.85,5.0072
58,1461,947.5,610,41,100,4.7033
58,1538,1143,604,82,200,4.1207
58,1541,988.39,276.92,211.1,514.87,43.632
58,1542,847.69,486.15,126.15,307.69,13.094
58,1542,689.37,435.71,48.788,118.99,10.747
58,1543,383.74,493.51,106.6,260.01,25.376
58,1543,510,392,164,400,21.392
58,1543,1161.5,688.52,44.789,109.24,7.2734
58,1544,783.64,443.64,149.09,363.64,24.741
58,1544,910,643.08,63.077,153.85,18.466
58,1547,773.33,512.68,115.24,281.08,11.851
58,1550,760.85,372.88,139.35,339.88,10.969
58,1554,361.79,557.14,97.8,238.54,17.726
58,1554,947.5,610,41,100,1.0522
58,1555,127,596,82,200,11.773
58,1594,947.5,610,41,100,4.1747
58,1648,566.5,667.53,53.3,130,8.0386
58,1649,661.05,512.68,115.24,281.08,8.3937
58,1650,699.35,276.92,211.1,514.87,23.26
58,1650,485.38,612.31,63.077,153.85,10.743
58,1651,596.13,297.44,211.1,514.87,25.026
58,1651,490.95,507.56,68.997,168.29,14.725
58,1652,389.68,276.92,211.1,514.87,27.939
58,1653,359.54,466.06,75.336,183.75,25.345
58,1654,332.36,553.25,53.3,130,22.608
58,1666,142.09,557.14,97.8,238.54,8.1187
58,1679,118.23,655.32,58.092,141.69,13.432
58,1684,144.56,512.68,115.24,281.08,5.3216
58,1685,144.56,523.94,115.24,281.08,16.759
58,1690,423.58,628.57,68.997,168.29,13.83
58,1693,151.64,566.67,97.8,238.54,3.6949
58,1695,276.81,655.32,58.092,141.69,15.036
58,1697,267.5,698,41,100,8.4272
58,1698,139.84,667.53,53.3,130,15.159
58,1699,251.54,636.92,63.077,153.85,18.207
58,1699,403.5,606,41,100,16.033
58,1700,242.72,578.26,89.208,217.58,5.2778
58,1701,121.54,486.15,126.15,307.69,11.308
58,1702,241.84,605.5,75.336,183.75,19.542
58,1702,85.455,429.09,149.09,363.64,14.751
58,1703,85.455,443.64,149.09,363.64,24.2
58,1703,241.84,605.5,75.336,183.75,15.333
58,1704,93.617,454.24,139.35,339.88,20.876
58,1705,154.11,628.57,68.997,168.29,18.867
58,1706,153.56,620.18,75.336,183.75,20.427
58,1706,124.14,612.84,75.336,183.75,8.0009
58,1706,399.46,569.57,89.208,217.58,4.5462
58,1707,119,596,82,200,14.108
58,1708,116.78,605.5,75.336,183.75,12.7
58,1711,85.455,429.09,149.09,363.64,21.305
58,1711,270.31,614.21,44.789,109.24,1.3566
58,1712,134.47,454.24,139.35,339.88,16.18
58,1713,148.09,454.24,139.35,339.88,12.855
58,1714,155.79,512.68,115.24,281.08,10.149
58,1714,947.44,605.46,44.789,109.24,3.4383
58,1715,159,588,82,200,8.6697
58,1716,134.47,454.24,139.35,339.88,19.981
58,1717,154.8,535.06,106.6,260.01,10.848
58,1717,288.14,649.65,58.092,141.69,4.9231
58,1717,947.5,610,41,100,4.6577
58,1718,134.47,454.24,139.35,339.88,19.706
58,1718,466.92,630.77,63.077,153.85,0.77945
58,1719,133.85,486.15,126.15,307.69,17.954
58,1720,165.2,535.06,106.6,260.01,18.186
58,1725,109.23,498.46,126.15,307.69,8.2932
58,1725,255.16,568.07,68.997,168.29,1.9635
58,1726,143,596,82,200,38.958
58,1728,206,392,164,400,22.554
58,1729,242.72,578.26,89.208,217.58,20.294
58,1729,376.36,429.09,149.09,363.64,6.6396
58,1730,146.21,612.84,75.336,183.75,6.4272
58,1731,78,392,164,400,6.6391
58,1731,156.67,120,273.33,666.67,6.2024
58,1732,126,392,164,400,17.946
58,1732,380.77,643.08,63.077,153.85,6.9922
58,1733,170.81,356.52,177.66,433.32,17.347
58,1734,243.5,702,41,100,15.279
58,1735,215.5,698,41,100,24.775
58,1736,126,376,164,400,11.519
58,1738,126,392,164,400,36.929
58,1739,126,392,164,400,38.202
58,1740,215.5,702,41,100,11.426
58,1741,136.22,373.91,177.66,433.32,23.128
58,1741,93.474,628.57,68.997,168.29,12.206
58,1742,142,392,164,400,33.905
58,1743,142,392,164,400,23.928
58,1744,210,120,273.33,666.67,4.7004
58,1746,46,408,164,400,13.414
58,1747,41.818,443.64,149.09,363.64,17.467
58,1748,94,392,164,400,6.1319
58,1749,257.2,596.72,44.789,109.24,5.7711
58,1750,382,408,164,400,20.649
58,1750,305.26,684.15,44.789,109.24,5.5705
58,1751,207,588,82,200,19.495
58,1752,183.33,120,273.33,666.67,3.4198
58,1753,190,376,164,400,10.983
58,1754,511.16,487.39,68.997,168.29,12.063
58,1754,497.7,575.89,58.092,141.69,9.6377
58,1755,226.62,622.95,44.789,109.24,24.287
58,1755,473.08,544.62,63.077,153.85,7.9533
58,1755,276.15,526.15,63.077,153.85,5.012
58,1757,392.31,486.15,126.15,307.69,10.792
58,1758,1106.2,473.85,126.15,307.69,25.052
58,1758,275.12,620.78,53.3,130,21.543
58,1758,447.66,454.24,139.35,339.88,13.615
58,1759,243.9,605.19,53.3,130,25.955
58,1759,391,356,82,200,6.5036
58,1759,837.7,612.84,75.336,183.75,5.1592
58,1760,325.38,556.92,63.077,153.85,17.125
58,1760,374.62,649.23,63.077,153.85,12.814
58,1760,353.17,631.17,53.3,130,12.542
58,1761,410.32,276.92,211.1,514.87,16.53
58,1761,332.49,550,48.788,118.99,6.3309
58,1762,389.68,276.92,211.1,514.87,31.367
58,1762,618.95,453.78,68.997,168.29,14.006
58,1762,572.87,466.06,75.336,183.75,12.911
58,1762,611.5,590,41,100,7.8502
58,1762,990,376,164,400,7.1285
58,1762,350.44,519.15,58.092,141.69,5.5538
58,1763,389.68,297.44,211.1,514.87,24.551
58,1763,702,392,164,400,22.806
58,1763,337.69,507.69,63.077,153.85,9.4332
58,1763,623.5,470,41,100,4.6318
58,1764,348.39,297.44,211.1,514.87,25.633
58,1764,311.54,527.27,53.3,130,15.439
58,1765,322.12,524.82,58.092,141.69,16.96
58,1765,342.69,423.81,97.8,238.54,10.085
58,1765,553.08,581.54,63.077,153.85,9.0204
58,1766,353.31,640.44,44.789,109.24,26.035
58,1766,305.26,592.35,44.789,109.24,23.032
58,1766,347.21,465.22,89.208,217.58,10.528
58,1766,289.67,554.76,48.788,118.99,5.5478
58,1766,311.54,532.47,53.3,130,3.6733
58,1766,366.42,657.92,44.789,109.24,2.8599
58,1767,322.39,314.29,195.59,477.04,19.823
58,1767,284.91,569.05,48.788,118.99,15.11
58,1768,341.49,314.29,195.59,477.04,16.805
58,1768,617.14,291.3,89.208,217.58,10.164
58,1768,284.91,569.05,48.788,118.99,5.9864
58,1768,311.54,542.86,53.3,130,1.1015
58,1769,362.05,657.92,44.789,109.24,17.325
58,1769,321.95,558.44,53.3,130,10.517
58,1769,553.08,581.54,63.077,153.85,4.176
58,1770,303.28,314.29,195.59,477.04,24.761
58,1770,607.5,414,41,100,9.4686
58,1770,546.92,587.69,63.077,153.85,7.873
58,1770,271.26,524.77,75.336,183.75,7.1053
58,1771,303.28,314.29,195.59,477.04,20.687
58,1771,284.91,583.33,48.788,118.99,6.3169
58,1772,322.39,314.29,195.59,477.04,18.337
58,1772,290.73,553.25,53.3,130,2.1015
58,1772,703.5,382,41,100,1.5661
58,1772,264.72,568.83,53.3,130,1.0387
58,1773,280.33,553.25,53.3,130,19.76
58,1773,257.2,583.61,44.789,109.24,12.93
58,1773,337.69,643.08,63.077,153.85,8.5313
58,1774,274.68,539.89,44.789,109.24,19.374
58,1774,316.75,641.56,53.3,130,8.5952
58,1775,275.12,527.27,53.3,130,12.043
58,1775,378.38,373.91,177.66,433.32,8.7586
58,1776,423.21,566.12,44.789,109.24,19.26
58,1776,172.73,341.82,149.09,363.64,4.1355
58,1777,411.03,546.79,75.336,183.75,17.032
58,1777,129.52,491.3,89.208,217.58,7.9091
58,1778,170.77,375.38,126.15,307.69,14.876
58,1778,441.63,558.44,53.3,130,12.64
58,1779,202.31,501.54,63.077,153.85,8.3839
58,1780,181.77,465.22,89.208,217.58,19.991
58,1781,188.11,356.52,177.66,433.32,16.323
58,1781,423.5,570,41,100,10.239
58,1781,155.65,456.52,89.208,217.58,8.7507
58,1782,126,376,164,400,11.879
58,1783,46.567,452.38,97.8,238.54,8.7144
58,1809,895.16,554.62,68.997,168.29,16.624
58,1810,773.85,375.38,126.15,307.69,5.9671
58,1812,379.57,291.53,139.35,339.88,8.8051
58,1813,302,280,164,400,42.044
58,1813,379.7,333.33,195.59,477.04,13.038
58,1814,222.75,187.5,256.89,626.57,25.556
58,1814,158,264,164,400,9.8558
58,1815,202.55,467.8,139.35,339.88,21.642
58,1820,16.716,314.29,195.59,477.04,21.419
58,1821,142,264,164,400,24.712
58,1821,226.87,314.29,195.59,477.04,8.3555
58,1822,203.87,276.92,211.1,514.87,37.823
58,1822,158.46,338.46,126.15,307.69,13.36
58,1823,245.16,276.92,211.1,514.87,40.214
58,1823,415,588,82,200,11.269
58,1824,389.68,276.92,211.1,514.87,48.37
58,1825,430.27,356.52,177.66,433.32,27.816
58,1826,437.01,314.29,195.59,477.04,20.358
58,1827,512.65,578.26,89.208,217.58,18.565
58,1827,359.54,480.73,75.336,183.75,4.5644
58,1830,334,392,164,400,17.819
58,1831,385.71,240,234.29,571.43,11.244
58,1832,389.68,276.92,211.1,514.87,39.642
58,1833,284.18,295.24,195.59,477.04,29.199
58,1834,398,392,164,400,12.801
58,1834,318.18,298.18,149.09,363.64,10.825
58,1835,303.64,298.18,149.09,363.64,28.395
58,1836,322.39,314.29,195.59,477.04,24.881
58,1837,348.39,276.92,211.1,514.87,32.757
58,1838,385.71,240,234.29,571.43,58.41
58,1839,410.32,276.92,211.1,514.87,47.902
58,1840,417.91,295.24,195.59,477.04,19.557
58,1840,363.58,594.81,53.3,130,4.4894
58,1841,410.32,276.92,211.1,514.87,34.965
58,1842,389.68,235.9,211.1,514.87,31.796
58,1843,431.43,217.14,234.29,571.43,26.416
58,1844,522.86,217.14,234.29,571.43,50.239
58,1845,591.04,557.14,97.8,238.54,21.951
58,1846,403.68,480.73,75.336,183.75,15.278
58,1846,514.63,557.14,97.8,238.54,8.8236
58,1846,380.07,302.38,48.788,118.99,7
58,1847,348.39,276.92,211.1,514.87,27.395
58,1848,326.49,356.52,177.66,433.32,23.948
58,1848,180,217.14,234.29,571.43,6.5306
58,1849,224.52,276.92,211.1,514.87,28.303
58,1849,172.73,269.09,149.09,363.64,10.356
58,1850,156.67,120,273.33,666.67,21.238
58,1851,207.69,498.46,126.15,307.69,7.9615
58,1861,126.14,692.9,44.789,109.24,5.0808
58,1862,180.22,678.57,48.788,118.99,16.104
58,1862,-2.3881,333.33,195.59,477.04,-0.002217
58,1863,47.692,486.15,126.15,307.69,1.622
58,1863,-0.76923,483.08,63.077,153.85,0.69396
58,1864,-2,376,164,400,11.401
58,1866,191.87,574.03,53.3,130,4.8082
58,1867,121.29,297.44,211.1,514.87,34.103
58,1867,458.16,688.52,44.789,109.24,4.516
58,1868,112.24,314.29,195.59,477.04,31.156
58,1868,519.02,420.78,106.6,260.01,6.3872
58,1869,121.29,297.44,211.1,514.87,32.856
58,1869,591.43,194.29,234.29,571.43,14.68
58,1869,699.35,276.92,211.1,514.87,4.6816
58,1870,131.34,314.29,195.59,477.04,29.648
58,1870,650.62,564.54,58.092,141.69,12.121
58,1870,611.5,546,41,100,10.409
58,1870,618.54,579.22,53.3,130,5.0762
58,1871,112.24,314.29,195.59,477.04,37.203
58,1871,636.67,146.67,273.33,666.67,30.253
58,1872,663.33,146.67,273.33,666.67,28.084
58,1872,183.33,120,273.33,666.67,17.385
58,1873,183.08,486.15,126.15,307.69,27.508
58,1873,602.32,246.99,44.789,109.24,11.751
58,1873,658.06,276.92,211.1,514.87,7.7844
58,1874,570.75,219.05,195.59,477.04,20.91
58,1874,54.925,314.29,195.59,477.04,9.8725
58,1874,628.53,627.32,44.789,109.24,4.465
58,1875,513.55,174.36,211.1,514.87,22.411
58,1875,656.28,649.65,58.092,141.69,11.006
58,1875,101.62,356.52,177.66,433.32,10.548
58,1876,503.33,120,273.33,666.67,33.701
58,1876,80,297.44,211.1,514.87,26.68
58,1877,530,120,273.33,666.67,62.445
58,1877,59.355,297.44,211.1,514.87,46.446
58,1877,775.02,440.48,48.788,118.99,11.732
58,1877,130,120,273.33,666.67,4.7611
58,1878,556.67,120,273.33,666.67,82.248
58,1878,35.821,314.29,195.59,477.04,38.438
58,1879,583.33,120,273.33,666.67,78.074
58,1879,35.821,314.29,195.59,477.04,35.026
58,1879,800,369.57,89.208,217.58,16.096
58,1880,556.67,120,273.33,666.67,78.769
58,1880,59.355,276.92,211.1,514.87,41.379
58,1880,242.72,578.26,89.208,217.58,15.46
58,1881,556.67,120,273.33,666.67,86.776
58,1881,121.29,276.92,211.1,514.87,27.016
58,1881,94.713,414.68,75.336,183.75,6.0716
58,1881,947.5,610,41,100,3.1218
58,1882,556.67,120,273.33,666.67,83.332
58,1882,121.29,276.92,211.1,514.87,28.375
58,1883,556.67,120,273.33,666.67,83.031
58,1883,80,297.44,211.1,514.87,28.815
58,1883,156.67,120,273.33,666.67,0.65798
58,1884,556.67,120,273.33,666.67,92.674
58,1884,84.324,356.52,177.66,433.32,22.168
58,1884,947.5,610,41,100,1.2806
58,1885,556.67,120,273.33,666.67,89.245
58,1885,74.03,314.29,195.59,477.04,28.681
58,1885,251.54,643.08,63.077,153.85,5.0535
58,1886,556.67,120,273.33,666.67,86.063
58,1886,54.925,314.29,195.59,477.04,31.951
58,1887,556.67,120,273.33,666.67,84.661
58,1887,54.925,314.29,195.59,477.04,31.423
58,1887,805.38,415.38,63.077,153.85,18.455
58,1887,238.7,662.34,53.3,130,2.1229
58,1888,556.67,120,273.33,666.67,87.632
58,1888,54.925,333.33,195.59,477.04,24.03
58,1889,556.67,120,273.33,666.67,90.483
58,1889,67.027,356.52,177.66,433.32,30.639
58,1890,556.67,120,273.33,666.67,78.925
58,1890,84.324,339.13,177.66,433.32,20.9
58,1890,247.5,558,41,100,4.7787
58,1891,556.67,120,273.33,666.67,74.719
58,1891,67.027,356.52,177.66,433.32,29.953
58,1891,803.5,474,41,100,9.946
58,1892,556.67,120,273.33,666.67,77.104
58,1892,67.027,356.52,177.66,433.32,33.057
58,1892,947.5,610,41,100,0.34715
58,1893,556.67,120,273.33,666.67,84.183
58,1893,67.027,356.52,177.66,433.32,19.282
58,1894,556.67,120,273.33,666.67,82.932
58,1894,114.55,443.64,149.09,363.64,27.057
58,1894,70.909,327.27,149.09,363.64,15.94
58,1895,556.67,120,273.33,666.67,86.956
58,1895,67.027,356.52,177.66,433.32,18.704
58,1895,947.5,610,41,100,1.7772
58,1896,556.67,120,273.33,666.67,88.045
58,1896,67.027,356.52,177.66,433.32,22.14
58,1896,947.44,605.46,44.789,109.24,3.6165
58,1897,556.67,120,273.33,666.67,91.591
58,1897,67.027,356.52,177.66,433.32,33.745
58,1898,583.33,120,273.33,666.67,86.049
58,1898,67.027,356.52,177.66,433.32,26.088
58,1899,556.67,120,273.33,666.67,100.63
58,1899,84.324,339.13,177.66,433.32,28.955
58,1899,947.5,610,41,100,3.0274
58,1900,556.67,120,273.33,666.67,90.006
58,1900,84.324,339.13,177.66,433.32,28.485
58,1901,556.67,120,273.33,666.67,84.88
58,1901,54.925,314.29,195.59,477.04,23.388
58,1902,556.67,120,273.33,666.67,98.79
58,1902,84.324,356.52,177.66,433.32,17.462
58,1903,556.67,120,273.33,666.67,92.66
58,1903,54.925,314.29,195.59,477.04,22.214
58,1904,556.67,120,273.33,666.67,91.636
58,1904,54.925,314.29,195.59,477.04,23.116
58,1905,556.67,120,273.33,666.67,96.524
58,1905,112.24,314.29,195.59,477.04,30.634
58,1905,263.91,612.84,75.336,183.75,10.172
58,1906,556.67,120,273.33,666.67,94.115
58,1906,121.29,276.92,211.1,514.87,31.665
58,1907,556.67,120,273.33,666.67,97.731
58,1907,121.29,276.92,211.1,514.87,25.566
58,1908,583.33,120,273.33,666.67,94.839
58,1908,141.94,276.92,211.1,514.87,40.744
58,1908,947.5,610,41,100,2.6176
58,1909,556.67,120,273.33,666.67,105.74
58,1909,169.55,314.29,195.59,477.04,34.62
58,1910,599.22,162.5,256.89,626.57,95.941
58,1910,286,392,164,400,2.5607
58,1911,636.67,146.67,273.33,666.67,63.181
58,1911,466.92,384.62,63.077,153.85,9.1652
58,1912,782,248,164,400,25.628
58,1912,823,604,82,200,16.341
58,1913,940.69,238.53,75.336,183.75,19.086
58,1914,1132,598.17,75.336,183.75,2.7921
58,1915,1175.5,698,41,100,14.701
58,2082,35.385,486.15,126.15,307.69,11.053
58,2083,139.84,672.73,53.3,130,5.5985
58,2084,216.36,414.55,149.09,363.64,27.692
58,2085,286.45,276.92,211.1,514.87,12.681
58,2086,389.68,276.92,211.1,514.87,33.241
58,2087,398.43,187.5,256.89,626.57,52.913
58,2087,214.62,649.23,63.077,153.85,10.345
58,2088,423.33,146.67,273.33,666.67,43.452
58,2089,594.94,143.12,75.336,183.75,15.691
58,2089,713.26,628.57,68.997,168.29,12.156
58,2090,628.06,333.33,195.59,477.04,25.605
58,2090,554.84,112.82,211.1,514.87,21.87
58,2090,773.88,421.74,89.208,217.58,9.422
58,2091,699.35,276.92,211.1,514.87,58.739
58,2091,554.84,112.82,211.1,514.87,58.406
58,2092,513.55,112.82,211.1,514.87,69.023
58,2092,751.43,217.14,234.29,571.43,66.679
58,2092,696.36,429.09,149.09,363.64,32.381
58,2093,513.55,112.82,211.1,514.87,68.46
58,2093,751.43,171.43,234.29,571.43,62.306
58,2094,751.43,171.43,234.29,571.43,86.775
58,2094,513.43,104.76,195.59,477.04,69.561
58,2094,710.91,443.64,149.09,363.64,7.4132
58,2095,728.57,171.43,234.29,571.43,71.493
58,2095,492.9,112.82,211.1,514.87,61.395
58,2096,728.57,148.57,234.29,571.43,79.273
58,2096,475.22,123.81,195.59,477.04,44.524
58,2097,751.43,148.57,234.29,571.43,67.634
58,2097,456.12,123.81,195.59,477.04,38.091
58,2097,571.79,514.29,68.997,168.29,11.221
58,2098,774.29,148.57,234.29,571.43,69.367
58,2098,431.43,125.71,234.29,571.43,53.544
58,2099,451.61,153.85,211.1,514.87,84.827
58,2099,781.94,153.85,211.1,514.87,69.563
58,2099,823.23,256.41,211.1,514.87,38.195
58,2099,503.85,569.23,63.077,153.85,5.258
58,2100,408.57,148.57,234.29,571.43,83.879
58,2100,774.9,137.5,256.89,626.57,68.103
58,2101,385.71,194.29,234.29,571.43,62.086
58,2101,820,171.43,234.29,571.43,60.842
58,2102,774.29,171.43,234.29,571.43,77.991
58,2102,408.57,194.29,234.29,571.43,65.905
58,2103,408.57,217.14,234.29,571.43,80.387
58,2103,728.57,171.43,234.29,571.43,71.289
58,2104,699.61,162.5,256.89,626.57,75.24
58,2104,348.39,276.92,211.1,514.87,33.955
58,2105,705.71,171.43,234.29,571.43,59.667
58,2105,257.3,269.57,177.66,433.32,15.132
58,2106,682.86,148.57,234.29,571.43,61.594
58,2106,616.77,276.92,211.1,514.87,34.022
58,2107,574.12,137.5,256.89,626.57,56.019
58,2108,513.55,174.36,211.1,514.87,62.625
58,2108,464.86,356.52,177.66,433.32,11.932
58,2109,113.43,471.43,97.8,238.54,36.683
58,2109,389.68,194.87,211.1,514.87,29.86
58,2110,260,429.09,149.09,363.64,35.567
58,2110,334,280,164,400,17.156
58,2110,154.11,521.01,68.997,168.29,16.897
58,2111,155.79,377.46,115.24,281.08,23.38
58,2111,312.38,517.39,89.208,217.58,16.93
58,2111,223,340,82,200,8.1175
58,2112,73.263,521.01,68.997,168.29,38.258
58,2112,159.5,634,41,100,11.094
58,2112,160.84,467.23,68.997,168.29,6.2797
58,2112,77.279,578.26,89.208,217.58,1.2859
58,2113,120.82,456.52,89.208,217.58,19.234
58,2113,282.48,519.15,58.092,141.69,14.46
58,2114,343,604,82,200,25.857
58,2114,67.027,373.91,177.66,433.32,5.0952
58,2115,110.88,512.68,115.24,281.08,15.007
58,2132,1170.2,688.52,44.789,109.24,10.526
58,2158,762.11,512.68,115.24,281.08,27.353
58,2159,761.79,314.29,195.59,477.04,25.036
58,2159,914.55,327.27,149.09,363.64,6.4081
58,2160,774.9,162.5,256.89,626.57,34.316
58,2161,781.94,297.44,211.1,514.87,24.354
58,2162,780.9,295.24,195.59,477.04,24.501
58,2163,774.9,162.5,256.89,626.57,28.776
58,2164,761.29,276.92,211.1,514.87,36.116
58,2165,740.65,276.92,211.1,514.87,41.615
58,2165,943.5,570,41,100,20.425
58,2165,681.82,429.09,149.09,363.64,13.451
58,2166,758.92,356.52,177.66,433.32,30.415
58,2166,633.5,535.06,106.6,260.01,26.364
58,2166,587.59,605.5,75.336,183.75,25.42
58,2166,591,516,82,200,23.816
58,2167,534.19,276.92,211.1,514.87,26.617
58,2167,636.67,120,273.33,666.67,13.378
58,2183,360.6,314.29,195.59,477.04,2.6591
58,2184,410.32,256.41,211.1,514.87,15.767
58,2185,643.9,296.1,106.6,260.01,14.288
58,2185,607,332,82,200,6.6051
58,2186,522.86,194.29,234.29,571.43,27.614
58,2186,446,280,164,400,9.0365
58,2187,513.55,276.92,211.1,514.87,27.853
58,2187,410.32,276.92,211.1,514.87,25.289
58,2188,404.62,326.15,126.15,307.69,17.241
58,2188,513.55,276.92,211.1,514.87,14.55
58,2189,500,217.14,234.29,571.43,28.176
58,2189,471,492,82,200,17.13
58,2189,608.96,314.29,195.59,477.04,9.2588
58,2189,446.18,337.66,106.6,260.01,5.8418
58,2190,500,240,234.29,571.43,36.704
58,2190,620.54,356.52,177.66,433.32,4.7194
58,2190,453.85,301.54,126.15,307.69,3.1438
58,2191,522.86,217.14,234.29,571.43,50.272
58,2191,479.23,520,63.077,153.85,15.969
58,2192,395.68,321.74,177.66,433.32,22.81
58,2192,683.22,554.13,75.336,183.75,16.109
58,2192,532.54,314.29,195.59,477.04,15.836
58,2193,410.32,276.92,211.1,514.87,44.265
58,2193,647,484,82,200,19.308
58,2193,516.76,356.52,177.66,433.32,8.4778
58,2194,318,408,164,400,11.999
58,2196,205.06,612.84,75.336,183.75,8.9397
58,2197,128.46,593.85,63.077,153.85,0.80336
58,2198,-1.7021,467.8,139.35,339.88,12.203
58,2201,174,408,164,400,6.099
58,2202,471.26,557.38,44.789,109.24,28.494
58,2202,207.76,314.29,195.59,477.04,28.442
58,2203,350,392,164,400,25.424
58,2203,224.52,297.44,211.1,514.87,24.491
58,2203,488.74,587.98,44.789,109.24,18.388
58,2204,265.07,314.29,195.59,477.04,13.251
58,2204,170.81,356.52,177.66,433.32,10.727
58,2205,236.67,146.67,273.33,666.67,15.442
58,2206,188.66,314.29,195.59,477.04,16.475
58,2207,203.87,297.44,211.1,514.87,18.509
58,2208,207.76,314.29,195.59,477.04,31.6
58,2208,302,376,164,400,16.907
58,2208,947.44,601.09,44.789,109.24,1.8009
58,2209,203.87,276.92,211.1,514.87,18.265
58,2210,188.66,314.29,195.59,477.04,23.584
58,2210,311.49,454.24,139.35,339.88,7.2951
58,2211,197.65,187.5,256.89,626.57,21.603
58,2212,291.89,356.52,177.66,433.32,11.074
58,2212,241.68,621.85,68.997,168.29,10.277
58,2213,274.59,339.13,177.66,433.32,19.104
58,2214,398.81,314.29,195.59,477.04,12.641
58,2215,532.54,295.24,195.59,477.04,6.5281
58,2216,705.71,217.14,234.29,571.43,13.62
58,2217,935.93,522.08,53.3,130,21.357
58,2217,758.37,535.06,106.6,260.01,14.42
58,2218,723.58,295.24,195.59,477.04,27.459
58,2218,930.73,579.22,53.3,130,13.019
58,2218,963.5,546,41,100,3.792
58,2219,767.16,621.85,68.997,168.29,6.574
58,2220,720,276.92,211.1,514.87,39.824
58,2221,682.86,217.14,234.29,571.43,27.299
58,2222,637.14,217.14,234.29,571.43,35.303
58,2222,583.85,470.77,63.077,153.85,5.7407
58,2223,568.57,217.14,234.29,571.43,61.433
58,2223,546.62,450,48.788,118.99,5.2565
58,2224,614.29,240,234.29,571.43,67.095
58,2224,587.59,480.73,75.336,183.75,14.22
58,2225,660,240,234.29,571.43,50.966
58,2225,870.19,516.67,48.788,118.99,7.5822
58,2226,660,240,234.29,571.43,45.784
58,2227,614.29,217.14,234.29,571.43,48.774
58,2227,800,410.39,106.6,260.01,5.7646
58,2228,522.86,217.14,234.29,571.43,47.987
58,2229,545.71,217.14,234.29,571.43,54.759
58,2230,568.57,217.14,234.29,571.43,37.996
58,2230,782.59,413.04,89.208,217.58,10.592
58,2231,637.14,217.14,234.29,571.43,23.72
58,2231,591,532,82,200,17.566
58,2231,609.66,605.5,75.336,183.75,7.6515
58,2232,689.73,356.52,177.66,433.32,22.934
58,2232,103.5,422,41,100,20.383
58,2232,154.8,535.06,106.6,260.01,19.123
58,2232,646.44,612.84,75.336,183.75,6.2756
58,2232,830,464.62,63.077,153.85,5.0418
58,2232,550.24,472.73,106.6,260.01,4.9318
58,2233,596.13,276.92,211.1,514.87,34.994
58,2233,178.25,512.68,115.24,281.08,15.384
58,2233,516.76,356.52,177.66,433.32,11.106
58,2233,312.38,578.26,89.208,217.58,5.6842
58,2233,119.5,486,41,100,3.6339
58,2234,554.84,276.92,211.1,514.87,43.683
58,2234,647.16,314.29,195.59,477.04,22.78
58,2234,513.31,526.19,48.788,118.99,21.82
58,2234,216.36,414.55,149.09,363.64,21.755
58,2234,127,436,82,200,15.999
58,2234,527.58,578.57,48.788,118.99,2.8604
58,2235,575.48,276.92,211.1,514.87,35.811
58,2235,108.85,426.19,48.788,118.99,24.073
58,2235,666.27,314.29,195.59,477.04,22.973
58,2235,494.33,295.24,195.59,477.04,15.559
58,2235,269.27,431.17,106.6,260.01,13.297
58,2236,616.77,276.92,211.1,514.87,49.768
58,2236,803.54,541.84,58.092,141.69,6.1545
58,2236,147.45,137.5,256.89,626.57,3.5001
58,2236,534.05,356.52,177.66,433.32,2.6735
58,2237,596.13,276.92,211.1,514.87,47.768
58,2237,79.231,304.62,63.077,153.85,15.092
58,2237,94,392,164,400,9.1474
58,2237,249.2,620.18,75.336,183.75,8.8472
58,2238,616.77,276.92,211.1,514.87,49.351
58,2238,188.11,373.91,177.66,433.32,33.85
58,2238,102.07,385.32,75.336,183.75,32.231
58,2238,128.46,273.85,63.077,153.85,3.595
58,2238,800,430.43,89.208,217.58,2.0069
58,2239,591.43,217.14,234.29,571.43,45.626
58,2239,169.55,333.33,195.59,477.04,38.453
58,2239,312.38,578.26,89.208,217.58,20.726
58,2239,94,392,164,400,11.608
58,2239,800,439.13,89.208,217.58,8.8842
58,2240,596.13,276.92,211.1,514.87,52.982
58,2240,205.41,356.52,177.66,433.32,34.531
58,2240,110,392,164,400,11.541
58,2240,807,412,82,200,4.4998
58,2241,545.71,240,234.29,571.43,47.663
58,2241,133.33,377.46,115.24,281.08,30.078
58,2241,207.76,333.33,195.59,477.04,26.868
58,2241,786.21,436.7,75.336,183.75,7.2234
58,2242,551.64,333.33,195.59,477.04,39.33
58,2242,257.3,373.91,177.66,433.32,38.104
58,2242,169.55,333.33,195.59,477.04,26.621
58,2242,494.33,276.19,195.59,477.04,16.48
58,2242,466.92,526.15,63.077,153.85,10.805
58,2242,257.3,200,177.66,433.32,7.631
58,2242,101.62,373.91,177.66,433.32,1.9807
58,2243,240,356.52,177.66,433.32,33.851
58,2243,144.56,366.2,115.24,281.08,25.846
58,2243,570.75,333.33,195.59,477.04,16.073
58,2243,451.61,276.92,211.1,514.87,15.348
58,2243,161.7,467.8,139.35,339.88,11.959
58,2244,500,217.14,234.29,571.43,43.102
58,2244,207.76,333.33,195.59,477.04,32.078
58,2244,138.23,386.96,89.208,217.58,23.037
58,2245,522.86,194.29,234.29,571.43,43.177
58,2245,188.66,333.33,195.59,477.04,25.878
58,2245,110,408,164,400,3.6917
58,2246,454.29,217.14,234.29,571.43,43.846
58,2246,112.11,404.35,89.208,217.58,31.977
58,2246,188.11,373.91,177.66,433.32,26.453
58,2246,549.02,162.5,256.89,626.57,5.9234
58,2247,431.43,217.14,234.29,571.43,46.223
58,2247,534.19,276.92,211.1,514.87,33.041
58,2247,259.5,586,41,100,26.447
58,2248,534.19,276.92,211.1,514.87,42.649
58,2248,431.43,217.14,234.29,571.43,38.342
58,2248,217.89,574.03,53.3,130,1.7202
58,2249,431.43,217.14,234.29,571.43,47.025
58,2249,534.19,276.92,211.1,514.87,45.891
58,2249,215,596,82,200,27.391
58,2249,133.85,498.46,126.15,307.69,18.147
58,2250,431.43,217.14,234.29,571.43,48.691
58,2250,534.19,276.92,211.1,514.87,38.576
58,2251,431.43,240,234.29,571.43,50.193
58,2251,534.19,276.92,211.1,514.87,35.717
58,2252,454.29,240,234.29,571.43,51.211
58,2252,435.5,458,41,100,1.3944
58,2253,534.19,276.92,211.1,514.87,42.109
58,2253,431.43,217.14,234.29,571.43,41.353
58,2254,431.43,217.14,234.29,571.43,46.835
58,2254,534.19,276.92,211.1,514.87,39.868
58,2255,532.54,314.29,195.59,477.04,37.024
58,2255,417.69,464.62,63.077,153.85,25.326
58,2255,474.89,454.24,139.35,339.88,15.374
58,2256,417.91,314.29,195.59,477.04,21.758
58,2256,494.33,314.29,195.59,477.04,17.288
58,2257,689.73,339.13,177.66,433.32,42.099
58,2257,532.54,314.29,195.59,477.04,16.545
58,2258,946.32,654.76,48.788,118.99,22.711
58,2308,947.5,610,41,100,3.1823
58,2340,947.5,610,41,100,1.8994
58,2986,947.44,609.84,44.789,109.24,4.086
58,3019,946.32,602.38,48.788,118.99,1.0309
58,3042,331.47,618.58,44.789,109.24,2.5169
58,3043,653.79,612.84,75.336,183.75,12.744
58,3044,542,344,164,400,14.89
58,3045,649.41,187.5,256.89,626.57,40.576
58,3046,599.22,162.5,256.89,626.57,71.805
58,3047,574.12,162.5,256.89,626.57,103.82
58,3048,477.14,194.29,234.29,571.43,56.838
58,3049,423.53,162.5,256.89,626.57,48.636
58,3050,454.29,171.43,234.29,571.43,50.8
58,3050,226.87,314.29,195.59,477.04,13.669
58,3051,473.73,137.5,256.89,626.57,49.933
58,3052,534.05,182.61,177.66,433.32,41.066
58,3052,484.6,275.23,75.336,183.75,17.053
58,3052,626.15,166.15,126.15,307.69,5.3699
58,3053,430.97,174.36,211.1,514.87,60.322
58,3053,340,217.14,234.29,571.43,34.664
58,3054,389.68,174.36,211.1,514.87,37.016
58,3054,271.43,240,234.29,571.43,36.18
58,3055,373.33,137.5,256.89,626.57,54.404
58,3055,203.87,276.92,211.1,514.87,19.945
58,3056,451.61,174.36,211.1,514.87,63.294
58,3056,188.66,333.33,195.59,477.04,10.547
58,3057,492.9,174.36,211.1,514.87,46
58,3057,188.11,356.52,177.66,433.32,10.947
58,3058,522.86,194.29,234.29,571.43,43.447
58,3058,478.18,167.27,149.09,363.64,23.205
58,3059,522.86,194.29,234.29,571.43,72.476
58,3059,147.45,162.5,256.89,626.57,16.172
58,3060,522.86,194.29,234.29,571.43,81.231
58,3060,156.67,120,273.33,666.67,15.439
58,3061,522.86,194.29,234.29,571.43,76.1
58,3061,162.58,256.41,211.1,514.87,30.017
58,3062,545.71,194.29,234.29,571.43,88.968
58,3062,202.86,217.14,234.29,571.43,55.4
58,3063,545.71,194.29,234.29,571.43,87.542
58,3063,202.86,217.14,234.29,571.43,79.826
58,3063,947.5,610,41,100,1.3867
58,3064,568.57,194.29,234.29,571.43,96.001
58,3064,207.76,314.29,195.59,477.04,48.478
58,3064,153.51,234.78,177.66,433.32,26.689
58,3065,599.22,162.5,256.89,626.57,68.153
58,3065,188.11,356.52,177.66,433.32,36.105
58,3065,112.24,238.1,195.59,477.04,15.257
58,3066,591.43,194.29,234.29,571.43,76.63
58,3066,157.14,217.14,234.29,571.43,57.328
58,3067,202.86,217.14,234.29,571.43,80.449
58,3067,568.57,217.14,234.29,571.43,49.101
58,3068,180,217.14,234.29,571.43,42.363
58,3068,783.64,341.82,149.09,363.64,29.208
58,3068,309.19,356.52,177.66,433.32,23.171
58,3068,639.35,667.53,53.3,130,18.934
58,3069,141.94,276.92,211.1,514.87,22.409
58,3069,290.53,512.68,115.24,281.08,20.898
58,3069,941.75,512.68,115.24,281.08,10.192
58,3070,183.23,276.92,211.1,514.87,53.2
58,3070,1060,429.09,149.09,363.64,16.897
58,3070,366.42,627.32,44.789,109.24,7.9712
58,3071,207.76,314.29,195.59,477.04,36.927
58,3071,383.16,621.85,68.997,168.29,13.888
58,3072,114.55,429.09,149.09,363.64,18.625
58,3072,352.24,557.14,97.8,238.54,8.2725
58,3073,251.6,678.57,48.788,118.99,2.6159
58,3073,161.19,557.14,97.8,238.54,0.85686
58,3125,947.5,606,41,100,5.6542
58,3272,1000.3,578.26,89.208,217.58,9.131
58,3273,729.91,598.58,58.092,141.69,8.3033
58,3277,333.13,557.14,97.8,238.54,9.2931
58,3278,120.82,569.57,89.208,217.58,2.3349
58,3281,720.27,574.86,44.789,109.24,23.939
58,3281,836.15,236.92,63.077,153.85,2.1212
58,3282,706.38,454.24,139.35,339.88,9.6308
58,3284,637.42,276.92,211.1,514.87,35.542
58,3284,835.5,438,41,100,16.98
58,3285,603.24,356.52,177.66,433.32,17.902
58,3286,478.18,341.82,149.09,363.64,20.149
58,3287,356.15,286.15,63.077,153.85,3.8631
58,3288,274.59,321.74,177.66,433.32,27.637
58,3288,326.49,373.91,177.66,433.32,8.7529
58,3289,201.82,429.09,149.09,363.64,20.862
58,3290,29.919,545.45,106.6,260.01,8.0045
58,3302,452.03,631.17,53.3,130,21.084
58,3302,207.76,333.33,195.59,477.04,5.9
58,3303,385.71,217.14,234.29,571.43,15.053
58,3304,523.92,187.5,256.89,626.57,52.053
58,3305,624.31,137.5,256.89,626.57,70.709
58,3305,52.766,454.24,139.35,339.88,6.6615
58,3306,749.8,137.5,256.89,626.57,52.276
58,3306,222,376,164,400,27.716
58,3307,327.74,297.44,211.1,514.87,46.925
58,3307,820,125.71,234.29,571.43,38.204
58,3307,786.92,280,63.077,153.85,23.711
58,3307,904.72,620.78,53.3,130,5.8973
58,3308,347.21,430.43,89.208,217.58,61.715
58,3308,797.14,171.43,234.29,571.43,54.171
58,3308,398,392,164,400,30.334
58,3308,306.34,428.57,53.3,130,17.718
58,3308,366.9,524.77,75.336,183.75,7.7749
58,3308,12.56,369.4,44.789,109.24,4.2552
58,3308,54.737,512.68,115.24,281.08,1.6447
58,3309,774.29,102.86,234.29,571.43,51.923
58,3309,331.54,643.08,63.077,153.85,34.242
58,3309,425.58,560.87,89.208,217.58,33.278
58,3309,297.87,277.97,139.35,339.88,33.2
58,3309,119.5,354,41,100,22.242
58,3309,158.46,486.15,126.15,307.69,18.844
58,3309,419.1,357.14,97.8,238.54,9.5097
58,3310,699.35,112.82,211.1,514.87,71.056
58,3310,311.49,237.29,139.35,339.88,41.815
58,3310,442.31,624.62,63.077,153.85,21.833
58,3310,360.6,238.1,195.59,477.04,12.915
58,3310,183.5,306,41,100,12.375
58,3310,129.09,429.09,149.09,363.64,11.293
58,3310,127.5,362,41,100,5.213
58,3311,658.06,92.308,211.1,514.87,63.727
58,3311,341.49,219.05,195.59,477.04,28.721
58,3311,452.03,620.78,53.3,130,6.4342
58,3312,616.77,92.308,211.1,514.87,77.744
58,3312,322.39,219.05,195.59,477.04,41.621
58,3312,249.11,667.53,53.3,130,25.962
58,3312,73.077,643.08,63.077,153.85,13.041
58,3312,196.15,606.15,63.077,153.85,6.9531
58,3312,108.62,662.34,53.3,130,5.7969
58,3312,446.69,635.71,48.788,118.99,4.8308
58,3313,570.75,85.714,195.59,477.04,81.881
58,3313,294.29,217.14,234.29,571.43,48.034
58,3313,164.35,578.26,89.208,217.58,19.694
58,3314,348.39,276.92,211.1,514.87,57.74
58,3314,570.75,104.76,195.59,477.04,56.001
58,3314,217.88,544.26,44.789,109.24,14.215
58,3315,398.81,314.29,195.59,477.04,48.769
58,3315,551.64,85.714,195.59,477.04,46.366
58,3315,543,588,82,200,8.2114
58,3315,564.9,491.3,89.208,217.58,7.2785
58,3315,947.44,605.46,44.789,109.24,2.8303
58,3316,447.57,356.52,177.66,433.32,49.492
58,3316,570.75,85.714,195.59,477.04,29.362
58,3316,215.5,698,41,100,26.354
58,3316,244.1,557.38,44.789,109.24,17.436
58,3316,415.61,522.08,53.3,130,16.625
58,3316,550.91,414.55,149.09,363.64,11.772
58,3316,214.51,575.89,58.092,141.69,8.9524
58,3316,107.5,254,41,100,6.5598
58,3316,261.57,570.49,44.789,109.24,4.7681
58,3317,462,392,164,400,38.284
58,3317,585.95,78.261,177.66,433.32,37.654
58,3317,659.5,702,41,100,36.077
58,3317,37.015,557.14,97.8,238.54,24.85
58,3317,426.02,594.81,53.3,130,16.316
58,3317,663.85,600,63.077,153.85,5.0712
58,3318,589.85,85.714,195.59,477.04,45.708
58,3318,190.34,612.84,75.336,183.75,34.85
58,3318,486.53,578.26,89.208,217.58,34.634
58,3318,707.5,698,41,100,16.404
58,3318,35.862,267.89,75.336,183.75,8.975
58,3319,589.85,85.714,195.59,477.04,77.167
58,3319,190,643.08,63.077,153.85,31.104
58,3319,237.32,578.57,48.788,118.99,21.144
58,3320,589.85,85.714,195.59,477.04,83.557
58,3320,183.85,643.08,63.077,153.85,28.522
58,3320,232.57,569.05,48.788,118.99,17.235
58,3320,252.83,579.23,44.789,109.24,8.072
58,3320,534.05,165.22,177.66,433.32,0.71497
58,3321,570.75,85.714,195.59,477.04,76.79
58,3321,232.57,573.81,48.788,118.99,10.889
58,3321,187.79,628.57,68.997,168.29,8.8313
58,3322,570.75,85.714,195.59,477.04,84.013
58,3322,232.57,573.81,48.788,118.99,21.886
58,3322,173.06,586.96,89.208,217.58,12.81
58,3322,129.43,667.53,53.3,130,1.0929
58,3323,589.85,85.714,195.59,477.04,76.332
58,3323,237.32,564.29,48.788,118.99,21.243
58,3323,77.398,667.53,53.3,130,7.8715
58,3323,532.54,142.86,195.59,477.04,5.1324
58,3324,570.75,85.714,195.59,477.04,77.474
58,3324,77.398,667.53,53.3,130,4.2502
58,3325,570.75,85.714,195.59,477.04,84.449
58,3325,237.32,578.57,48.788,118.99,20.638
58,3325,173.06,578.26,89.208,217.58,8.5441
58,3326,551.64,85.714,195.59,477.04,62.384
58,3326,223.05,559.52,48.788,118.99,23.358
58,3326,175,596,82,200,4.4932
58,3327,534.19,92.308,211.1,514.87,52.195
58,3327,182.99,612.84,75.336,183.75,14.707
58,3328,532.54,104.76,195.59,477.04,69.691
58,3328,175.63,612.84,75.336,183.75,22.077
58,3328,620.77,483.08,63.077,153.85,19.353
58,3329,532.54,104.76,195.59,477.04,80.336
58,3329,618.95,473.95,68.997,168.29,27.395
58,3329,222.25,561.75,44.789,109.24,17.079
58,3329,137.4,669.05,48.788,118.99,16.541
58,3329,79.231,280,63.077,153.85,12.951
58,3330,513.55,112.82,211.1,514.87,58.927
58,3330,175.61,535.06,106.6,260.01,23.44
58,3331,451.61,133.33,211.1,514.87,60.344
58,3331,187.79,628.57,68.997,168.29,17.534
58,3331,232.57,569.05,48.788,118.99,13.222
58,3331,515.5,590,41,100,6.6439
58,3332,431.43,125.71,234.29,571.43,67.535
58,3332,181.77,578.26,89.208,217.58,17.131
58,3333,454.29,125.71,234.29,571.43,70.302
58,3333,183,596,82,200,11.687
58,3333,128.46,643.08,63.077,153.85,9.1046
58,3334,477.14,125.71,234.29,571.43,78.239
58,3334,183,604,82,200,9.4409
58,3334,385.71,217.14,234.29,571.43,6.4175
58,3335,454.29,125.71,234.29,571.43,63.768
58,3335,183,604,82,200,11.011
58,3336,454.29,125.71,234.29,571.43,75.676
58,3336,182.99,605.5,75.336,183.75,7.9658
58,3337,454.29,125.71,234.29,571.43,64.245
58,3337,191,596,82,200,21.387
58,3337,-1.4035,512.68,115.24,281.08,7.4662
58,3338,451.61,133.33,211.1,514.87,45.751
58,3338,226.62,570.49,44.789,109.24,13.561
58,3338,174.2,688.52,44.789,109.24,12.551
58,3339,475.22,123.81,195.59,477.04,39.206
58,3340,450,120,273.33,666.67,33.39
58,3340,91.5,422,41,100,13.049
58,3340,161.7,454.24,139.35,339.88,5.5774
58,3341,450,120,273.33,666.67,23.575
58,3341,263.85,643.08,63.077,153.85,13.128
58,3341,688.46,643.08,63.077,153.85,6.2896
58,3341,947.5,610,41,100,6.0823
58,3341,756.15,643.08,63.077,153.85,5.1516
58,3342,450,120,273.33,666.67,35.227
58,3342,731.5,670,41,100,6.2798
58,3342,251.54,649.23,63.077,153.85,5.4147
58,3343,476.67,120,273.33,666.67,31.933
58,3343,249.2,612.84,75.336,183.75,6.3587
58,3343,64.983,439.34,44.789,109.24,6.2203
58,3344,450,120,273.33,666.67,30.373
58,3344,300.89,544.26,44.789,109.24,24.875
58,3344,207.48,667.53,53.3,130,11.763
58,3344,735.5,674,41,100,11.533
58,3344,238.7,667.53,53.3,130,3.9922
58,3345,470.48,250,48.788,118.99,33.221
58,3345,233.5,667.53,53.3,130,14.59
58,3345,270.31,539.89,44.789,109.24,13.822
58,3345,752.57,649.65,58.092,141.69,6.4103
58,3345,208.85,655.32,58.092,141.69,3.2504
58,3345,522.83,678.57,48.788,118.99,1.0881
58,3345,494.33,180.95,195.59,477.04,-0.301
58,3346,396.67,120,273.33,666.67,23.306
58,3346,189.85,557.14,97.8,238.54,8.7902
58,3346,727.5,698,41,100,0.89214
58,3347,370,120,273.33,666.67,25.737
58,3347,646.44,612.84,75.336,183.75,23.128
58,3347,296.52,531.15,44.789,109.24,16.965
58,3347,207,596,82,200,16.193
58,3347,139.5,242,41,100,0.76139
58,3348,593.58,688.52,44.789,109.24,34.593
58,3348,412.97,356.52,177.66,433.32,18.718
58,3348,100.65,297.44,211.1,514.87,14.089
58,3348,379.7,142.86,195.59,477.04,7.3241
58,3349,370,120,273.33,666.67,45.051
58,3349,227.81,678.57,48.788,118.99,20.692
58,3349,294.93,519.05,97.8,238.54,16.433
58,3349,612.68,535.06,106.6,260.01,9.4563
58,3349,161.19,566.67,97.8,238.54,8.7814
58,3349,151.5,234,41,100,7.101
58,3349,256.72,557.14,97.8,238.54,6.6404
58,3349,947.5,610,41,100,3.7209
58,3350,396.67,120,273.33,666.67,36.516
58,3350,220.77,643.08,63.077,153.85,19.081
58,3350,625.68,628.57,68.997,168.29,18.667
58,3350,261.89,621.85,68.997,168.29,10.434
58,3351,423.33,120,273.33,666.67,44.268
58,3351,220,486.15,126.15,307.69,22.262
58,3351,290.08,524.68,106.6,260.01,8.7625
58,3351,62,344,164,400,3.8618
58,3352,423.33,120,273.33,666.67,36.098
58,3352,380,486.15,126.15,307.69,30.826
58,3352,227.64,535.06,106.6,260.01,19.537
58,3352,175.5,234,41,100,7.577
58,3352,167.5,694,41,100,5.2175
58,3352,79.5,390,41,100,5.1794
58,3353,423.33,120,273.33,666.67,47.771
58,3353,183.33,120,273.33,666.67,13.163
58,3354,396.67,120,273.33,666.67,43.989
58,3354,202.28,667.53,53.3,130,11.72
58,3354,269.23,473.85,126.15,307.69,8.8652
58,3355,423.33,120,273.33,666.67,38.035
58,3355,232.57,673.81,48.788,118.99,25.338
58,3355,356.15,612.31,63.077,153.85,9.4729
58,3355,269.23,473.85,126.15,307.69,0.48988
58,3356,423.33,120,273.33,666.67,38.943
58,3356,175,596,82,200,11.48
58,3356,64.983,692.9,44.789,109.24,8.5935
58,3356,947.5,610,41,100,3.3319
58,3357,423.33,120,273.33,666.67,38.911
58,3357,182.99,612.84,75.336,183.75,24.969
58,3357,279.67,535.06,106.6,260.01,16.025
58,3357,46,392,164,400,13.878
58,3358,396.67,120,273.33,666.67,45.61
58,3358,88.571,240,234.29,571.43,28.16
58,3358,285.37,557.14,97.8,238.54,13.732
58,3358,16.716,333.33,195.59,477.04,7.0929
58,3359,396.67,120,273.33,666.67,41.97
58,3359,35.772,646.75,53.3,130,26.261
58,3359,183.33,120,273.33,666.67,18.094
58,3360,396.67,120,273.33,666.67,44.462
58,3360,11.915,454.24,139.35,339.88,20.751
58,3360,231.5,649.65,58.092,141.69,8.0333
58,3361,423.33,120,273.33,666.67,50.136
58,3361,65.714,217.14,234.29,571.43,14.734
58,3361,374.62,636.92,63.077,153.85,11.73
58,3362,396.67,120,273.33,666.67,45.131
58,3362,-1.8182,429.09,149.09,363.64,17.454
58,3362,49.73,356.52,177.66,433.32,10.53
58,3362,183.33,120,273.33,666.67,2.4484
58,3363,423.33,120,273.33,666.67,47.306
58,3363,111.43,240,234.29,571.43,13.066
58,3364,423.33,120,273.33,666.67,46.415
58,3364,111.43,217.14,234.29,571.43,14.154
58,3364,50.575,612.84,75.336,183.75,10.819
58,3365,396.67,120,273.33,666.67,41.881
58,3365,134.29,240,234.29,571.43,17.882
58,3365,36.154,612.31,63.077,153.85,2.6001
58,3366,423.33,120,273.33,666.67,42.371
58,3366,23.846,636.92,63.077,153.85,24.281
58,3366,183.33,120,273.33,666.67,20.938
58,3367,423.33,120,273.33,666.67,34.966
58,3367,162.58,276.92,211.1,514.87,16.227
58,3367,80,467.8,139.35,339.88,13.593
58,3368,396.67,120,273.33,666.67,42.024
58,3368,111.43,217.14,234.29,571.43,21.685
58,3368,30,643.08,63.077,153.85,18.523
58,3369,398.43,162.5,256.89,626.57,37.429
58,3369,366.42,526.78,44.789,109.24,37.42
58,3369,111.43,217.14,234.29,571.43,29.583
58,3369,645.89,581.51,68.997,168.29,17.722
58,3369,285.37,538.1,97.8,238.54,7.7444
58,3370,450,120,273.33,666.67,25.667
58,3370,157.14,217.14,234.29,571.43,23.607
58,3370,85.455,429.09,149.09,363.64,11.157
58,3370,675.86,444.04,75.336,183.75,5.5084
58,3371,492.9,194.87,211.1,514.87,28.427
58,3371,157.14,217.14,234.29,571.43,25.058
58,3371,587.59,605.5,75.336,183.75,4.1047
58,3371,43.5,570,41,100,1.3018
58,3372,574,376,164,400,35.645
58,3372,711.54,456.83,44.789,109.24,24.411
58,3372,49.73,339.13,177.66,433.32,17.748
58,3372,134.29,217.14,234.29,571.43,16.854
58,3372,456.12,123.81,195.59,477.04,15.95
58,3372,523.69,574.86,44.789,109.24,15.335
58,3372,359.5,514,41,100,11.758
58,3373,596.13,276.92,211.1,514.87,51.118
58,3373,49.73,339.13,177.66,433.32,39.693
58,3373,517.89,521.01,68.997,168.29,33.907
58,3373,191,596,82,200,26.948
58,3373,451.61,112.82,211.1,514.87,25.262
58,3373,269.23,473.85,126.15,307.69,13.438
58,3373,947.5,610,41,100,10.208
58,3373,187.5,218,41,100,9.7699
58,3373,252.83,662.3,44.789,109.24,7.9024
58,3374,620.54,356.52,177.66,433.32,57.356
58,3374,49.73,339.13,177.66,433.32,42.28
58,3374,451.61,133.33,211.1,514.87,35.264
58,3374,183.33,120,273.33,666.67,32.333
58,3374,946.32,602.38,48.788,118.99,1.0327
58,3375,620.54,356.52,177.66,433.32,44.371
58,3375,451.61,133.33,211.1,514.87,42.534
58,3375,32.432,356.52,177.66,433.32,26.796
58,3375,134.29,217.14,234.29,571.43,23.399
58,3375,355.5,514,41,100,16.912
58,3375,351.5,558,41,100,9.5678
58,3376,616.77,276.92,211.1,514.87,48.01
58,3376,454.29,125.71,234.29,571.43,36.969
58,3376,157.14,217.14,234.29,571.43,31.652
58,3376,27.273,429.09,149.09,363.64,17.037
58,3377,638,392,164,400,56.233
58,3377,475.22,200,195.59,477.04,45.078
58,3377,157.14,217.14,234.29,571.43,43.875
58,3377,94,392,164,400,25.187
58,3377,670,312,164,400,2.1517
58,3378,616.77,276.92,211.1,514.87,56.505
58,3378,147.45,187.5,256.89,626.57,39.678
58,3378,454.29,125.71,234.29,571.43,37.053
58,3378,49.73,356.52,177.66,433.32,27.443
58,3378,359.54,458.72,75.336,183.75,7.7934
58,3378,947.5,610,41,100,4.5147
58,3379,637.84,356.52,177.66,433.32,54.993
58,3379,454.29,125.71,234.29,571.43,41.107
58,3379,134.29,217.14,234.29,571.43,38.623
58,3379,32.432,321.74,177.66,433.32,21.01
58,3379,351.52,507.14,48.788,118.99,9.9652
58,3380,596.13,256.41,211.1,514.87,56.485
58,3380,454.29,125.71,234.29,571.43,33.732
58,3380,88.571,217.14,234.29,571.43,28.814
58,3380,331.47,531.15,44.789,109.24,23.3
58,3380,279,548,82,200,13.4
58,3381,655.14,356.52,177.66,433.32,45.492
58,3381,454.29,125.71,234.29,571.43,30.563
58,3381,589.85,257.14,195.59,477.04,10.96
58,3381,318.36,544.26,44.789,109.24,10.695
58,3381,205.06,612.84,75.336,183.75,5.9661
58,3382,549.02,162.5,256.89,626.57,40.715
58,3382,454.29,125.71,234.29,571.43,35.631
58,3382,199.4,557.14,97.8,238.54,24.803
58,3383,596.13,256.41,211.1,514.87,62.309
58,3383,431.43,125.71,234.29,571.43,37.374
58,3383,947.5,610,41,100,8.7185
58,3383,172.55,137.5,256.89,626.57,3.5841
58,3384,596.13,276.92,211.1,514.87,52.182
58,3384,450,120,273.33,666.67,38.123
58,3384,188.94,454.24,139.35,339.88,19.779
58,3384,130.51,246.99,44.789,109.24,10.208
58,3385,596.13,276.92,211.1,514.87,43.872
58,3385,431.43,125.71,234.29,571.43,41.744
58,3385,176.26,662.34,53.3,130,24.709
58,3385,207.48,615.58,53.3,130,10.416
58,3385,242.08,616.67,48.788,118.99,3.1194
58,3386,431.43,125.71,234.29,571.43,48.127
58,3386,637.42,276.92,211.1,514.87,45.093
58,3386,799,492,82,200,18.879
58,3386,183.33,120,273.33,666.67,18.644
58,3386,146.21,620.18,75.336,183.75,2.2787
58,3387,431.43,125.71,234.29,571.43,50.798
58,3387,361.04,535.71,48.788,118.99,22.925
58,3387,724.62,486.15,126.15,307.69,18.68
58,3387,828.11,339.13,177.66,433.32,16.934
58,3387,157.14,240,234.29,571.43,12.917
58,3388,454.29,148.57,234.29,571.43,53.238
58,3388,389.59,569.05,48.788,118.99,20.841
58,3388,64.983,688.52,44.789,109.24,8.959
58,3388,1235.5,462,41,100,3.2578
58,3389,503.33,120,273.33,666.67,52.335
58,3389,191.87,303.9,53.3,130,20.103
58,3389,460.41,482.61,89.208,217.58,14.324
58,3390,542,168,164,400,30.883
58,3390,413.38,483.33,48.788,118.99,18.861
58,3390,860.77,556.92,63.077,153.85,7.6898
58,3390,660.68,265.22,89.208,217.58,6.9706
58,3391,705.67,557.14,97.8,238.54,36.13
58,3391,606.69,557.38,44.789,109.24,8.136
58,3391,696.12,290.48,97.8,238.54,5.3846
58,3391,1157.9,628.57,68.997,168.29,2.464
58,3391,587.59,436.7,75.336,183.75,2.3438
58,3392,608.96,314.29,195.59,477.04,21.75
58,3392,916.15,643.08,63.077,153.85,18.575
58,3392,563,430.6,44.789,109.24,6.511
58,3392,808.71,334.78,89.208,217.58,3.7537
58,3393,643.27,456.52,89.208,217.58,18.676
58,3393,774.9,162.5,256.89,626.57,10.565
58,3393,960.55,89.617,44.789,109.24,1.7218
58,3394,735,532,82,200,9.2511
58,3394,949.19,356.52,177.66,433.32,1.5924
58,3395,1162.3,643.08,63.077,153.85,13.359
