58,1413,599.97,229.27,341.11,571.23,1
58,1414,708.05,192.78,270.18,571.23,1
58,1415,708.05,175.94,303.96,588.07,1
58,1416,708.05,187.17,287.07,558.6,1
58,1417,576.33,187.17,361.37,558.6,1
58,1418,576.33,204.01,324.22,541.75,1
58,1419,630.37,204.01,270.18,564.21,1
58,1420,657.39,204.01,243.17,564.21,1
58,1421,657.39,204.01,263.43,564.21,1
58,1422,640.5,229.27,303.96,571.23,1
58,1423,566.2,268.57,361.37,531.93,1
58,1424,518.92,338.75,408.65,461.75,1
58,1425,447.99,411.73,418.79,388.77,1
58,1426,339.92,470.46,442.8,330.04,1
58,1427,339.92,569.75,468.54,230.75,1
58,1428,296.01,580.15,493.09,220.35,1
58,1429,254.47,542.67,514.37,257.83,1
58,1430,258.86,568.92,489.71,231.58,1
58,1431,249.05,559.6,479.26,240.9,1
58,1432,257.18,551.7,471.13,248.8,1
58,1433,274.79,523.49,472.72,277.01,1
58,1434,284.27,517.85,467.3,282.65,1
58,1435,288.33,487.38,470.01,313.12,1
58,1436,280.2,476.1,460.53,324.4,1
58,1437,258.86,479.48,475.1,321.02,1
58,1438,258.86,501.55,469.45,298.95,1
58,1439,258.86,508.82,466.97,291.68,1
58,1440,258.86,622.25,314.09,178.25,1
58,1446,1.1772,768.34,151.7,32.158,1
58,1538,1089.7,408.92,190.82,391.58,1
58,1539,805.99,453.83,376.57,346.67,1
58,1540,522.29,521.2,403.59,279.3,1
58,1540,1214.6,268.57,65.858,531.93,1
58,1541,495.28,706.46,209.39,94.035,1
58,1541,957.97,240.5,283.69,560,1
58,1542,603.35,254.54,412.03,545.96,1
58,1543,306.15,274.18,374.88,526.32,1
58,1543,998.49,397.69,253.3,402.81,1
58,1544,83.244,291.03,374.88,509.47,1
58,1544,758.71,335.94,408.65,464.56,1
58,1545,0.5,366.82,261.74,433.68,1
58,1545,758.71,330.32,354.62,470.18,1
58,1546,758.71,330.32,354.62,470.18,1
58,1547,758.71,330.32,354.62,470.18,1
58,1548,758.71,341.55,354.62,458.95,1
58,1549,758.71,341.55,354.62,458.95,1
58,1550,758.71,341.55,327.6,458.95,1
58,1551,718.18,462.25,303.96,338.25,1
58,1551,35.962,709.27,300.58,91.228,1
58,1552,603.35,501.55,368.13,298.95,1
58,1552,0.5,616.64,336.04,183.86,1
58,1553,464.88,414.54,341.11,385.96,1
58,1554,269,451.03,371.5,349.47,1
58,1555,32.584,490.32,371.5,310.18,1
58,1556,0.5,700.85,140.16,99.649,1
58,1647,103.51,521.2,361.37,279.3,1
58,1648,333.16,473.48,435.67,327.02,1
58,1649,505.41,341.55,459.31,458.95,1
58,1650,485.14,276.99,584.27,523.51,1
58,1651,498.65,276.99,479.58,523.51,1
58,1652,420.97,288.22,280.32,512.28,1
58,1653,370.32,341.55,330.98,458.95,1
58,1654,333.16,397.69,381.64,402.81,1
58,1655,154.17,481.9,462.69,318.6,1
58,1656,123.77,504.36,462.69,296.14,1
58,1657,140.66,512.78,479.58,287.72,1
58,1658,140.66,512.78,479.58,287.72,1
58,1659,140.66,535.24,479.58,265.26,1
58,1660,140.66,535.24,479.58,265.26,1
58,1661,140.66,535.24,479.58,265.26,1
58,1662,140.66,535.24,479.58,265.26,1
58,1663,140.66,518.39,479.58,282.11,1
58,1664,140.66,518.39,479.58,282.11,1
58,1665,140.66,518.39,479.58,282.11,1
58,1666,140.66,518.39,479.58,282.11,1
58,1667,140.66,518.39,479.58,282.11,1
58,1668,140.66,518.39,479.58,282.11,1
58,1669,140.66,509.97,479.58,290.53,1
58,1670,140.66,509.97,479.58,290.53,1
58,1671,140.66,509.97,479.58,290.53,1
58,1672,140.66,509.97,479.58,290.53,1
58,1673,140.66,509.97,479.58,290.53,1
58,1674,140.66,509.97,479.58,290.53,1
58,1675,140.66,509.97,479.58,290.53,1
58,1676,140.66,509.97,479.58,290.53,1
58,1677,140.66,509.97,479.58,290.53,1
58,1678,140.66,509.97,523.48,290.53,1
58,1679,140.66,417.34,655.2,383.16,1
58,1680,140.66,487.52,435.67,312.98,1
58,1681,140.66,498.75,374.88,301.75,1
58,1682,140.66,495.94,432.3,304.56,1
58,1683,140.66,493.13,385.01,307.37,1
58,1684,140.66,484.71,354.62,315.79,1
58,1685,140.66,498.75,354.62,301.75,1
58,1686,140.66,493.13,357.99,307.37,1
58,1687,140.66,498.75,324.22,301.75,1
58,1688,127.15,509.97,354.62,290.53,1
58,1689,140.66,509.97,381.64,290.53,1
58,1690,140.66,509.97,388.39,290.53,1
58,1691,140.66,509.97,374.88,290.53,1
58,1692,140.66,509.97,374.88,290.53,1
58,1693,140.66,509.97,374.88,290.53,1
58,1694,140.66,509.97,378.26,290.53,1
58,1695,140.66,509.97,378.26,290.53,1
58,1696,140.66,509.97,378.26,290.53,1
58,1697,140.66,509.97,378.26,290.53,1
58,1698,140.66,538.04,391.77,262.46,1
58,1699,241.98,495.94,391.77,304.56,1
58,1700,211.58,462.25,422.16,338.25,1
58,1701,127.15,445.41,371.5,355.09,1
58,1702,103.51,445.41,371.5,355.09,1
58,1703,103.51,445.41,371.5,355.09,1
58,1704,103.51,445.41,371.5,355.09,1
58,1705,89.999,445.41,385.01,355.09,1
58,1706,89.999,445.41,401.9,355.09,1
58,1707,89.999,445.41,401.9,355.09,1
58,1708,89.999,445.41,401.9,355.09,1
58,1709,89.999,434.18,428.92,366.32,1
58,1710,89.999,434.18,381.64,366.32,1
58,1711,89.999,434.18,381.64,366.32,1
58,1712,133.9,434.18,354.62,366.32,1
58,1713,164.3,451.03,398.52,349.47,1
58,1714,144.04,451.03,516.73,349.47,1
58,1715,144.04,451.03,516.73,349.47,1
58,1716,144.04,451.03,405.28,349.47,1
58,1717,144.04,451.03,405.28,349.47,1
58,1718,144.04,451.03,385.01,349.47,1
58,1719,144.04,451.03,371.5,349.47,1
58,1720,144.04,451.03,351.24,349.47,1
58,1721,144.04,451.03,351.24,349.47,1
58,1722,144.04,451.03,351.24,349.47,1
58,1723,144.04,451.03,351.24,349.47,1
58,1724,144.04,442.61,371.5,357.89,1
58,1725,123.77,442.61,422.16,357.89,1
58,1726,96.753,442.61,388.39,357.89,1
58,1727,140.66,442.61,314.09,357.89,1
58,1728,221.71,378.04,300.58,422.46,1
58,1729,221.71,347.17,300.58,453.33,1
58,1730,127.15,369.62,300.58,430.88,1
58,1731,96.753,378.04,324.22,422.46,1
58,1732,96.753,378.04,351.24,422.46,1
58,1733,171.05,366.82,341.11,433.68,1
58,1734,171.05,366.82,341.11,433.68,1
58,1735,144.04,366.82,341.11,433.68,1
58,1736,144.04,383.66,341.11,416.84,1
58,1737,137.28,383.66,347.86,416.84,1
58,1738,137.28,383.66,347.86,416.84,1
58,1739,130.53,383.66,324.22,416.84,1
58,1740,130.53,392.08,324.22,408.42,1
58,1741,89.999,378.04,371.5,422.46,1
58,1742,89.999,378.04,361.37,422.46,1
58,1743,89.999,378.04,361.37,422.46,1
58,1744,144.04,378.04,307.34,422.46,1
58,1745,133.9,378.04,317.47,422.46,1
58,1746,62.98,403.31,347.86,397.19,1
58,1747,29.207,428.57,476.2,371.93,1
58,1748,100.13,380.85,364.75,419.65,1
58,1749,245.35,335.94,297.2,464.56,1
58,1750,265.62,335.94,297.2,464.56,1
58,1751,150.79,355.59,307.34,444.91,1
58,1752,103.51,366.82,324.22,433.68,1
58,1753,86.621,366.82,398.52,433.68,1
58,1754,204.83,344.36,368.13,456.14,1
58,1755,194.7,358.39,378.26,442.11,1
58,1756,127.15,414.54,401.9,385.96,1
58,1757,140.66,406.11,371.5,394.39,1
58,1758,204.83,361.2,371.5,439.3,1
58,1758,1109.9,302.25,170.55,498.25,1
58,1759,198.07,349.97,347.86,450.53,1
58,1759,829.63,319.1,398.52,481.4,1
58,1760,269,307.87,347.86,492.63,1
58,1760,366.94,383.66,503.22,416.84,1
58,1761,319.66,285.41,347.86,515.09,1
58,1761,0.5,495.94,488.02,304.56,1
58,1761,1170.7,392.08,109.76,408.42,1
58,1762,299.39,285.41,391.77,515.09,1
58,1762,883.67,394.89,371.5,405.61,1
58,1763,299.39,285.41,391.77,515.09,1
58,1763,724.93,406.11,297.2,394.39,1
58,1764,299.39,285.41,361.37,515.09,1
58,1764,377.07,403.31,354.62,394.39,1
58,1765,282.51,305.06,354.62,495.44,1
58,1765,86.621,518.39,354.62,282.11,1
58,1766,272.37,305.06,391.77,495.44,1
58,1766,0.5,703.66,271.87,96.842,1
58,1767,272.37,305.06,455.94,495.44,1
58,1768,272.37,305.06,435.67,495.44,1
58,1769,272.37,305.06,435.67,495.44,1
58,1770,272.37,305.06,418.79,495.44,1
58,1771,272.37,319.1,418.79,481.4,1
58,1772,248.73,319.1,509.97,481.4,1
58,1773,231.85,254.54,452.56,545.96,1
58,1774,231.85,319.1,452.56,481.4,1
58,1775,231.85,319.1,479.58,481.4,1
58,1776,147.41,349.97,378.26,450.53,1
58,1777,147.41,369.62,327.6,430.88,1
58,1778,181.19,369.62,364.75,430.88,1
58,1779,198.07,369.62,347.86,430.88,1
58,1780,181.19,364.01,364.75,436.49,1
58,1781,174.43,364.01,351.24,436.49,1
58,1782,137.28,372.43,344.49,428.07,1
58,1783,39.339,448.22,381.64,352.28,1
58,1784,39.339,498.75,320.84,301.75,1
58,1785,39.339,588.57,202.64,211.93,1
58,1786,39.339,650.32,138.47,150.18,1
58,1791,39.339,515.59,239.79,284.91,1
58,1792,39.339,577.34,314.09,223.16,1
58,1793,39.339,577.34,371.5,223.16,1
58,1794,123.77,535.24,435.67,265.26,1
58,1795,147.41,524.01,499.84,276.49,1
58,1796,147.41,535.24,469.45,265.26,1
58,1797,147.41,546.46,432.3,254.04,1
58,1798,171.05,524.01,435.67,276.49,1
58,1799,117.02,566.11,428.92,234.39,1
58,1800,130.53,560.5,445.8,240,1
58,1801,160.92,568.92,459.31,231.58,1
58,1802,93.376,692.43,395.15,108.07,1
58,1805,292.64,605.41,422.16,195.09,1
58,1806,495.28,543.66,364.75,256.84,1
58,1807,687.78,515.59,428.92,284.91,1
58,1808,687.78,364.01,300.58,436.49,1
58,1809,583.09,305.06,385.01,495.44,1
58,1810,559.44,274.18,334.35,526.32,1
58,1811,508.78,262.96,314.09,537.54,1
58,1812,373.69,268.57,341.11,531.93,1
58,1813,289.26,276.99,341.11,523.51,1
58,1814,211.58,262.96,270.18,537.54,1
58,1815,73.112,305.06,385.01,495.44,1
58,1816,0.5,313.48,305.65,487.02,1
58,1817,0.5,392.08,177.31,408.42,1
58,1818,0.5,445.41,136.78,355.09,1
58,1819,0.5,445.41,211.08,355.09,1
58,1820,29.207,307.87,233.03,492.63,1
58,1821,127.15,262.96,280.32,537.54,1
58,1822,184.56,262.96,253.3,537.54,1
58,1823,245.35,262.96,307.34,537.54,1
58,1824,350.05,262.96,249.92,537.54,1
58,1825,393.96,282.61,243.17,517.89,1
58,1826,329.79,310.68,324.22,489.82,1
58,1827,329.79,364.01,276.94,436.49,1
58,1828,255.49,411.73,239.79,388.77,1
58,1829,282.51,386.46,266.81,411.23,1
58,1830,356.81,310.68,293.83,487.02,1
58,1831,373.69,243.31,246.54,554.39,1
58,1832,346.67,262.96,246.54,534.74,1
58,1833,312.9,288.22,263.43,509.47,1
58,1834,312.9,288.22,307.34,509.47,1
58,1835,299.39,296.64,320.84,501.05,1
58,1836,299.39,296.64,273.56,501.05,1
58,1837,333.16,262.96,246.54,534.74,1
58,1838,380.45,240.5,233.03,557.19,1
58,1839,366.94,260.15,233.03,540.35,1
58,1840,370.32,291.03,206.02,509.47,1
58,1841,387.2,271.38,226.28,529.12,1
58,1842,424.35,223.66,226.28,576.84,1
58,1843,437.86,223.66,290.45,576.84,1
58,1844,505.41,209.62,243.17,590.88,1
58,1845,471.63,218.04,256.68,582.46,1
58,1846,370.32,248.92,280.32,551.58,1
58,1847,312.9,248.92,266.81,551.58,1
58,1848,258.86,237.69,273.56,562.81,1
58,1849,198.07,257.34,297.2,543.16,1
58,1850,123.77,288.22,263.43,512.28,1
58,1851,69.735,307.87,317.47,492.63,1
58,1852,0.5,307.87,288.76,492.63,1
58,1853,0.5,338.75,268.5,461.75,1
58,1854,0.5,425.76,227.97,374.74,1
58,1855,0.5,425.76,194.2,374.74,1
58,1856,0.5,408.92,194.2,391.58,1
58,1857,0.5,408.92,194.2,391.58,1
58,1858,0.5,422.96,194.2,377.54,1
58,1859,0.5,422.96,167.18,377.54,1
58,1860,0.5,422.96,207.7,377.54,1
58,1861,0.5,327.52,258.36,472.98,1
58,1862,0.5,327.52,278.63,472.98,1
58,1863,0.5,369.62,309.02,430.88,1
58,1864,0.5,369.62,376.57,430.88,1
58,1865,73.112,307.87,303.96,492.63,1
58,1865,0.5,408.92,251.61,391.58,1
58,1866,133.9,285.41,243.17,515.09,1
58,1866,182.87,307.87,336.04,492.63,1
58,1867,113.64,285.41,263.43,515.09,1
58,1867,334.85,240.5,477.89,560,1
58,1868,89.999,305.06,280.32,495.44,1
58,1868,520.61,204.01,477.89,596.49,1
58,1869,106.89,305.06,263.43,495.44,1
58,1869,633.75,204.01,347.86,596.49,1
58,1870,106.89,305.06,263.43,495.44,1
58,1870,583.09,204.01,324.22,596.49,1
58,1871,106.89,305.06,276.94,495.44,1
58,1871,606.73,237.69,317.47,562.81,1
58,1872,147.41,279.8,243.17,520.7,1
58,1872,606.73,237.69,317.47,562.81,1
58,1873,127.15,279.8,263.43,520.7,1
58,1873,606.73,220.85,273.56,579.65,1
58,1874,66.358,305.06,324.22,495.44,1
58,1874,569.58,175.94,310.71,624.56,1
58,1875,46.094,305.06,320.84,495.44,1
58,1875,505.41,156.29,273.56,644.21,1
58,1876,73.112,293.83,276.94,506.67,1
58,1876,505.41,142.25,233.03,658.25,1
58,1877,62.98,293.83,320.84,506.67,1
58,1877,525.67,125.41,310.71,675.09,1
58,1878,15.698,310.68,337.73,489.82,1
58,1878,593.22,125.41,253.3,675.09,1
58,1879,29.207,310.68,357.99,489.82,1
58,1879,606.73,125.41,270.18,675.09,1
58,1880,83.244,276.99,303.96,523.51,1
58,1880,606.73,125.41,239.79,675.09,1
58,1881,96.753,257.34,290.45,543.16,1
58,1881,606.73,125.41,239.79,675.09,1
58,1882,123.77,257.34,263.43,543.16,1
58,1882,606.73,125.41,239.79,675.09,1
58,1883,86.621,285.41,300.58,515.09,1
58,1883,606.73,125.41,239.79,675.09,1
58,1884,73.112,330.32,263.43,470.18,1
58,1884,606.73,125.41,239.79,675.09,1
58,1885,73.112,321.9,263.43,478.6,1
58,1885,606.73,125.41,239.79,675.09,1
58,1886,73.112,321.9,263.43,478.6,1
58,1886,606.73,125.41,239.79,675.09,1
58,1887,73.112,321.9,263.43,478.6,1
58,1887,606.73,125.41,239.79,675.09,1
58,1888,56.226,321.9,280.32,478.6,1
58,1888,596.59,125.41,239.79,675.09,1
58,1889,56.226,321.9,280.32,478.6,1
58,1889,596.59,125.41,273.56,675.09,1
58,1890,56.226,321.9,280.32,478.6,1
58,1890,596.59,125.41,236.41,675.09,1
58,1891,56.226,321.9,344.49,478.6,1
58,1891,596.59,125.41,246.54,675.09,1
58,1892,49.471,321.9,378.26,478.6,1
58,1892,596.59,125.41,233.03,675.09,1
58,1893,49.471,321.9,378.26,478.6,1
58,1893,596.59,125.41,243.17,675.09,1
58,1894,49.471,321.9,378.26,478.6,1
58,1894,596.59,125.41,243.17,675.09,1
58,1895,49.471,321.9,378.26,478.6,1
58,1895,596.59,125.41,243.17,675.09,1
58,1896,49.471,321.9,378.26,478.6,1
58,1896,596.59,125.41,243.17,675.09,1
58,1897,49.471,333.13,287.07,467.37,1
58,1897,596.59,125.41,243.17,675.09,1
58,1898,66.358,333.13,270.18,467.37,1
58,1898,505.41,125.41,347.86,675.09,1
58,1899,66.358,333.13,270.18,467.37,1
58,1899,579.71,125.41,263.43,675.09,1
58,1900,66.358,333.13,270.18,467.37,1
58,1900,603.35,125.41,249.92,675.09,1
58,1901,66.358,333.13,270.18,467.37,1
58,1901,603.35,125.41,249.92,675.09,1
58,1902,66.358,333.13,270.18,467.37,1
58,1902,603.35,125.41,249.92,675.09,1
58,1903,66.358,333.13,270.18,467.37,1
58,1903,603.35,125.41,249.92,675.09,1
58,1904,66.358,333.13,270.18,467.37,1
58,1904,603.35,125.41,249.92,675.09,1
58,1905,86.621,305.06,260.05,495.44,1
58,1905,603.35,125.41,249.92,675.09,1
58,1906,113.64,271.38,233.03,529.12,1
58,1906,603.35,125.41,249.92,675.09,1
58,1907,113.64,271.38,233.03,529.12,1
58,1907,603.35,125.41,249.92,675.09,1
58,1908,130.53,271.38,216.15,529.12,1
58,1908,603.35,125.41,283.69,675.09,1
58,1909,137.28,319.1,249.92,481.4,1
58,1909,572.95,125.41,287.07,675.09,1
58,1910,181.19,372.43,300.58,428.07,1
58,1910,593.22,125.41,287.07,675.09,1
58,1911,353.43,386.46,300.58,414.04,1
58,1911,626.99,145.06,293.83,655.44,1
58,1912,606.73,484.71,300.58,315.79,1
58,1912,626.99,167.52,314.09,632.98,1
58,1913,954.59,507.17,325.91,293.33,1
58,1913,731.69,198.39,307.34,602.11,1
58,1914,957.97,218.04,263.43,582.46,1
58,1915,1082.9,237.69,197.57,562.81,1
58,1916,1150.5,338.75,130.03,461.75,1
58,2082,2.1887,459.45,243.17,341.05,1
58,2083,127.15,403.31,266.81,397.19,1
58,2084,241.98,319.1,287.07,481.4,1
58,2085,285.88,251.73,303.96,548.77,1
58,2086,360.18,204.01,239.79,596.49,1
58,2087,420.97,184.36,226.28,609.12,1
58,2087,150.79,532.43,270.18,268.07,1
58,2088,481.77,150.68,216.15,567.02,1
58,2088,319.66,406.11,293.83,394.39,1
58,2089,556.07,133.83,179,516.49,1
58,2089,485.14,321.9,351.24,478.6,1
58,2090,583.09,119.8,165.49,530.53,1
58,2090,593.22,265.76,297.2,534.74,1
58,2091,562.82,100.15,185.75,524.91,1
58,2091,657.39,223.66,273.56,576.84,1
58,2092,532.43,100.15,189.13,524.91,1
58,2092,711.42,192.78,273.56,607.72,1
58,2093,532.43,100.15,189.13,524.91,1
58,2093,738.44,170.32,239.79,552.98,1
58,2094,508.78,100.15,202.64,524.91,1
58,2094,772.22,170.32,206.02,552.98,1
58,2095,502.03,100.15,209.39,524.91,1
58,2095,735.06,170.32,222.9,552.98,1
58,2096,481.77,108.57,229.66,516.49,1
58,2096,735.06,159.1,222.9,569.82,1
58,2097,447.99,108.57,202.64,575.44,1
58,2097,789.1,150.68,172.24,578.25,1
58,2098,454.75,125.41,195.88,558.6,1
58,2098,789.1,150.68,195.88,578.25,1
58,2099,454.75,142.25,206.02,575.44,1
58,2099,789.1,150.68,219.53,578.25,1
58,2100,417.6,161.9,216.15,600.7,1
58,2100,789.1,170.32,219.53,558.6,1
58,2101,377.07,173.13,256.68,589.47,1
58,2101,809.37,170.32,226.28,558.6,1
58,2102,377.07,189.97,256.68,610.53,1
58,2102,799.23,170.32,206.02,564.21,1
58,2103,400.71,206.82,256.68,593.68,1
58,2103,745.2,170.32,226.28,564.21,1
58,2104,339.92,226.46,280.32,574.04,1
58,2104,714.8,170.32,236.41,564.21,1
58,2105,282.51,248.92,280.32,551.58,1
58,2105,714.8,170.32,236.41,564.21,1
58,2106,262.24,274.18,266.81,526.32,1
58,2106,654.01,164.71,256.68,555.79,1
58,2107,241.98,299.45,297.2,501.05,1
58,2107,586.46,164.71,253.3,516.49,1
58,2108,164.3,321.9,297.2,478.6,1
58,2108,488.52,164.71,222.9,538.95,1
58,2109,93.376,355.59,324.22,444.91,1
58,2109,360.18,181.55,260.05,524.91,1
58,2110,110.26,324.71,283.69,475.79,1
58,2110,292.64,220.85,280.32,494.04,1
58,2111,130.53,307.87,290.45,492.63,1
58,2111,204.83,251.73,216.15,471.58,1
58,2112,130.53,299.45,290.45,501.05,1
58,2112,59.603,296.64,216.15,471.58,1
58,2113,113.64,319.1,307.34,481.4,1
58,2113,0.5,358.39,184.06,442.11,1
58,2114,96.753,361.2,347.86,439.3,1
58,2115,130.53,394.89,330.98,405.61,1
58,2116,106.89,453.83,337.73,346.67,1
58,2117,49.471,568.92,253.3,231.58,1
58,2132,1005.2,439.8,275.25,360.7,1
58,2133,789.1,524.01,428.92,276.49,1
58,2134,930.95,684.01,260.05,116.49,1
58,2135,880.29,731.73,260.05,68.772,1
58,2136,880.29,731.73,233.03,68.772,1
58,2137,782.35,765.41,189.13,35.088,1
58,2138,282.51,779.45,189.13,21.053,1
58,2139,0.5,728.92,99.631,71.579,1
58,2140,0.5,762.61,45.594,37.895,1
58,2157,204.83,487.52,374.88,312.98,1
58,2158,589.84,347.17,395.15,453.33,1
58,2159,758.71,271.38,320.84,529.12,1
58,2160,792.48,257.34,287.07,543.16,1
58,2161,768.84,257.34,310.71,543.16,1
58,2162,768.84,257.34,310.71,543.16,1
58,2163,795.86,257.34,283.69,543.16,1
58,2164,785.72,251.73,293.83,548.77,1
58,2165,714.8,251.73,276.94,548.77,1
58,2166,603.35,251.73,354.62,548.77,1
58,2167,495.28,265.76,462.69,534.74,1
58,2168,404.09,347.17,401.9,453.33,1
58,2169,252.11,431.38,310.71,369.12,1
58,2170,103.51,512.78,320.84,287.72,1
58,2171,69.735,546.46,270.18,254.04,1
58,2172,0.5,563.31,278.63,237.19,1
58,2173,0.5,563.31,278.63,237.19,1
58,2174,0.5,563.31,221.21,237.19,1
58,2175,0.5,540.85,241.48,259.65,1
58,2176,0.5,563.31,282.01,237.19,1
58,2177,0.5,594.18,282.01,206.32,1
58,2178,0.5,591.38,282.01,209.12,1
58,2179,0.5,498.75,430.61,301.75,1
58,2180,25.83,442.61,405.28,357.89,1
58,2181,106.89,364.01,391.77,436.49,1
58,2182,201.45,321.9,371.5,478.6,1
58,2183,329.79,274.18,374.88,526.32,1
58,2184,434.48,251.73,320.84,548.77,1
58,2185,498.65,215.24,347.86,585.26,1
58,2186,475.01,215.24,300.58,585.26,1
58,2187,434.48,215.24,314.09,585.26,1
58,2188,434.48,215.24,314.09,585.26,1
58,2189,454.75,229.27,320.84,571.23,1
58,2190,481.77,215.24,293.83,585.26,1
58,2191,481.77,215.24,317.47,585.26,1
58,2192,437.86,248.92,344.49,551.58,1
58,2193,400.71,260.15,334.35,540.35,1
58,2194,353.43,321.9,293.83,478.6,1
58,2195,262.24,355.59,324.22,444.91,1
58,2196,181.19,335.94,307.34,464.56,1
58,2197,103.51,341.55,327.6,458.95,1
58,2198,0.5,352.78,352.93,447.72,1
58,2199,0.5,352.78,410.34,447.72,1
58,2200,54.537,347.17,417.1,453.33,1
58,2201,140.66,335.94,330.98,464.56,1
58,2202,221.71,288.22,391.77,512.28,1
58,2203,221.71,285.41,391.77,515.09,1
58,2204,177.81,285.41,412.03,515.09,1
58,2205,127.15,305.06,462.69,495.44,1
58,2206,110.26,296.64,408.65,503.86,1
58,2207,174.43,288.22,378.26,512.28,1
58,2208,174.43,288.22,371.5,512.28,1
58,2209,160.92,288.22,385.01,512.28,1
58,2210,127.15,288.22,388.39,512.28,1
58,2211,103.51,310.68,374.88,489.82,1
58,2212,184.56,291.03,341.11,509.47,1
58,2213,299.39,279.8,270.18,520.7,1
58,2214,414.22,276.99,290.45,520.7,1
58,2215,535.8,262.96,290.45,537.54,1
58,2216,684.41,246.11,270.18,554.39,1
58,2217,721.56,246.11,300.58,554.39,1
58,2218,721.56,274.18,320.84,526.32,1
58,2219,721.56,257.34,320.84,543.16,1
58,2220,718.18,240.5,273.56,560,1
58,2221,667.52,218.04,283.69,582.46,1
58,2222,566.2,218.04,310.71,582.46,1
58,2223,539.18,209.62,297.2,590.88,1
58,2224,576.33,209.62,310.71,590.88,1
58,2225,630.37,209.62,317.47,590.88,1
58,2226,630.37,229.27,317.47,571.23,1
58,2227,589.84,229.27,293.83,571.23,1
58,2228,542.56,229.27,300.58,571.23,1
58,2229,542.56,229.27,300.58,571.23,1
58,2230,559.44,229.27,310.71,571.23,1
58,2231,583.09,243.31,337.73,557.19,1
58,2231,86.621,434.18,243.17,366.32,1
58,2232,569.58,243.31,327.6,557.19,1
58,2232,86.621,375.24,280.32,425.26,1
58,2233,525.67,243.31,334.35,557.19,1
58,2233,86.621,333.13,317.47,467.37,1
58,2234,505.41,243.31,341.11,557.19,1
58,2234,86.621,279.8,317.47,520.7,1
58,2235,505.41,243.31,341.11,557.19,1
58,2235,86.621,279.8,280.32,520.7,1
58,2236,539.18,243.31,334.35,557.19,1
58,2236,62.98,279.8,290.45,520.7,1
58,2237,539.18,243.31,347.86,557.19,1
58,2237,62.98,268.57,324.22,531.93,1
58,2238,539.18,243.31,347.86,557.19,1
58,2238,73.112,248.92,314.09,551.58,1
58,2239,559.44,243.31,327.6,557.19,1
58,2239,123.77,237.69,263.43,562.81,1
58,2240,559.44,243.31,327.6,557.19,1
58,2240,123.77,237.69,263.43,562.81,1
58,2241,518.92,234.89,330.98,565.61,1
58,2241,123.77,237.69,273.56,562.81,1
58,2242,454.75,234.89,330.98,565.61,1
58,2242,154.17,237.69,260.05,562.81,1
58,2243,437.86,234.89,320.84,565.61,1
58,2243,154.17,237.69,260.05,562.81,1
58,2244,454.75,220.85,303.96,579.65,1
58,2244,154.17,229.27,246.54,571.23,1
58,2245,458.13,204.01,317.47,596.49,1
58,2245,117.02,229.27,283.69,571.23,1
58,2246,434.48,204.01,327.6,596.49,1
58,2246,83.244,243.31,303.96,557.19,1
58,2247,420.97,204.01,320.84,596.49,1
58,2247,49.471,271.38,337.73,529.12,1
58,2248,420.97,204.01,320.84,596.49,1
58,2248,49.471,299.45,256.68,501.05,1
58,2249,420.97,204.01,320.84,596.49,1
58,2249,49.471,316.29,236.41,484.21,1
58,2250,420.97,204.01,320.84,596.49,1
58,2251,420.97,204.01,320.84,596.49,1
58,2252,420.97,204.01,320.84,596.49,1
58,2253,420.97,204.01,320.84,596.49,1
58,2254,420.97,204.01,320.84,596.49,1
58,2255,390.58,220.85,334.35,579.65,1
58,2256,390.58,246.11,334.35,554.39,1
58,2257,502.03,262.96,401.9,537.54,1
58,2258,637.12,316.29,374.88,484.21,1
58,2259,914.06,372.43,330.98,428.07,1
58,3041,0.5,566.11,143.54,234.39,1
58,3042,206.52,425.76,275.25,374.74,1
58,3043,422.66,291.03,410.34,509.47,1
58,3044,551,234.89,498.15,565.61,1
58,3045,664.14,201.2,334.35,599.3,1
58,3046,603.35,189.97,260.05,610.53,1
58,3046,59.603,524.01,155.36,276.49,1
58,3047,572.95,173.13,249.92,627.37,1
58,3047,59.603,425.76,290.45,374.74,1
58,3048,491.9,173.13,290.45,589.47,1
58,3048,187.94,372.43,401.9,428.07,1
58,3049,454.75,173.13,236.41,589.47,1
58,3049,187.94,330.32,361.37,470.18,1
58,3050,478.39,173.13,212.77,589.47,1
58,3050,214.96,282.61,334.35,517.89,1
58,3051,488.52,150.68,226.28,611.93,1
58,3051,312.9,265.76,303.96,534.74,1
58,3052,488.52,150.68,226.28,611.93,1
58,3052,350.05,248.92,354.62,551.58,1
58,3053,444.62,150.68,246.54,538.95,1
58,3053,339.92,234.89,229.66,565.61,1
58,3054,400.71,150.68,290.45,538.95,1
58,3054,289.26,234.89,233.03,565.61,1
58,3055,400.71,150.68,290.45,555.79,1
58,3055,245.35,254.54,290.45,545.96,1
58,3056,458.13,150.68,233.03,555.79,1
58,3056,201.45,279.8,300.58,520.7,1
58,3057,498.65,150.68,209.39,631.58,1
58,3057,167.68,279.8,263.43,520.7,1
58,3058,518.92,173.13,219.53,609.12,1
58,3058,144.04,268.57,260.05,531.93,1
58,3059,535.8,173.13,263.43,609.12,1
58,3059,123.77,246.11,280.32,554.39,1
58,3060,535.8,184.36,263.43,597.89,1
58,3060,144.04,246.11,371.5,554.39,1
58,3061,535.8,184.36,263.43,597.89,1
58,3061,184.56,237.69,273.56,562.81,1
58,3062,535.8,170.32,263.43,611.93,1
58,3062,225.09,218.04,256.68,582.46,1
58,3063,410.84,170.32,388.39,611.93,1
58,3063,204.83,209.62,276.94,590.88,1
58,3064,502.03,170.32,297.2,611.93,1
58,3064,164.3,209.62,317.47,590.88,1
58,3065,620.24,170.32,219.53,630.18,1
58,3065,133.9,226.46,347.86,574.04,1
58,3066,586.46,170.32,226.28,630.18,1
58,3066,157.54,226.46,324.22,574.04,1
58,3067,556.07,232.08,256.68,568.42,1
58,3067,211.58,226.46,260.05,574.04,1
58,3068,633.75,268.57,303.96,531.93,1
58,3068,211.58,226.46,260.05,574.04,1
58,3069,802.61,313.48,283.69,487.02,1
58,3069,167.68,248.92,320.84,551.58,1
58,3070,1035.6,341.55,244.85,458.95,1
58,3070,181.19,279.8,283.69,520.7,1
58,3071,181.19,321.9,324.22,478.6,1
58,3072,89.999,417.34,371.5,383.16,1
58,3073,89.999,512.78,263.43,287.72,1
58,3270,1143.7,431.38,136.78,369.12,1
58,3271,1055.9,364.01,224.59,436.49,1
58,3272,846.52,431.38,401.9,369.12,1
58,3273,708.05,563.31,324.22,237.19,1
58,3274,974.85,358.39,280.32,442.11,1
58,3275,724.93,366.82,364.75,433.68,1
58,3276,545.94,436.99,297.2,363.51,1
58,3276,1079.6,375.24,200.95,425.26,1
58,3277,235.22,445.41,334.35,355.09,1
58,3277,947.84,420.15,332.66,380.35,1
58,3278,15.698,484.71,334.35,315.79,1
58,3278,822.87,481.9,385.01,318.6,1
58,3278,1096.4,361.2,184.06,439.3,1
58,3279,0.5,639.1,153.67,161.4,1
58,3279,667.52,538.04,385.01,262.46,1
58,3279,927.57,285.41,309.02,515.09,1
58,3280,721.56,650.32,263.43,150.18,1
58,3280,792.48,285.41,244.85,515.09,1
58,3281,755.33,650.32,229.66,150.18,1
58,3281,724.93,246.11,244.85,554.39,1
58,3282,799.23,611.03,222.9,189.47,1
58,3282,704.67,223.66,243.17,576.84,1
58,3283,741.82,546.46,314.09,254.04,1
58,3283,664.14,223.66,249.92,576.84,1
58,3284,741.82,546.46,314.09,254.04,1
58,3284,623.61,223.66,253.3,576.84,1
58,3285,741.82,580.15,314.09,220.35,1
58,3285,569.58,234.89,233.03,565.61,1
58,3286,529.05,543.66,327.6,256.84,1
58,3286,441.24,234.89,202.64,565.61,1
58,3287,306.15,613.83,307.34,186.67,1
58,3287,353.43,234.89,270.18,565.61,1
58,3288,39.339,678.39,236.41,122.11,1
58,3288,302.77,282.61,303.96,517.89,1
58,3289,204.83,349.97,300.58,450.53,1
58,3290,0.5,448.22,258.36,352.28,1
58,3301,2.1887,364.01,388.39,436.49,1
58,3302,157.54,302.25,368.13,498.25,1
58,3303,343.3,201.2,398.52,599.3,1
58,3304,522.29,161.9,357.99,638.6,1
58,3304,0.5,574.54,177.31,225.96,1
58,3305,650.63,147.87,388.39,652.63,1
58,3305,64.669,479.1,238.1,321.4,1
58,3306,745.2,122.61,327.6,634.39,1
58,3306,206.52,372.43,312.4,428.07,1
58,3307,785.72,122.61,287.07,634.39,1
58,3307,316.28,291.03,233.03,509.47,1
58,3307,0.5,563.31,190.82,237.19,1
58,3308,785.72,116.99,256.68,640,1
58,3308,309.52,291.03,239.79,509.47,1
58,3308,0.5,361.2,305.65,439.3,1
58,3309,735.06,102.96,256.68,595.09,1
58,3309,279.13,254.54,290.45,523.51,1
58,3309,93.376,335.94,303.96,464.56,1
58,3310,654.01,102.96,280.32,558.6,1
58,3310,319.66,229.27,206.02,548.77,1
58,3310,93.376,307.87,276.94,492.63,1
58,3311,633.75,97.342,233.03,558.6,1
58,3311,319.66,218.04,206.02,527.72,1
58,3311,19.075,268.57,297.2,531.93,1
58,3311,0.5,709.27,113.14,91.228,1
58,3312,610.1,83.307,222.9,522.11,1
58,3312,336.54,218.04,189.13,527.72,1
58,3312,0.5,279.8,298.89,520.7,1
58,3312,0.5,636.29,130.03,164.21,1
58,3313,559.44,83.307,226.28,496.84,1
58,3313,323.03,226.46,202.64,538.95,1
58,3313,0.5,279.8,268.5,520.7,1
58,3313,0.5,434.18,194.2,366.32,1
58,3314,542.56,83.307,212.77,496.84,1
58,3314,336.54,271.38,270.18,529.12,1
58,3314,0.5,265.76,268.5,534.74,1
58,3314,0.5,417.34,261.74,383.16,1
58,3315,542.56,83.307,212.77,496.84,1
58,3315,397.33,291.03,243.17,509.47,1
58,3315,19.075,248.92,249.92,551.58,1
58,3315,0.5,417.34,278.63,383.16,1
58,3316,542.56,83.307,212.77,496.84,1
58,3316,420.97,335.94,263.43,464.56,1
58,3316,19.075,248.92,280.32,551.58,1
58,3316,0.5,411.73,302.27,388.77,1
58,3317,542.56,83.307,212.77,496.84,1
58,3317,431.11,406.11,297.2,394.39,1
58,3317,0.5,248.92,288.76,551.58,1
58,3317,0.5,476.29,271.87,324.21,1
58,3318,566.2,80.5,212.77,496.84,1
58,3318,498.65,484.71,314.09,315.79,1
58,3318,0.5,262.96,288.76,537.54,1
58,3318,0.5,577.34,207.7,223.16,1
58,3319,566.2,80.5,212.77,496.84,1
58,3319,464.88,582.96,290.45,217.54,1
58,3319,0.5,262.96,288.76,537.54,1
58,3319,0.5,633.48,160.42,167.02,1
58,3320,566.2,80.5,212.77,496.84,1
58,3320,360.18,653.13,246.54,147.37,1
58,3320,0.5,262.96,288.76,537.54,1
58,3320,0.5,653.13,160.42,147.37,1
58,3321,566.2,80.5,212.77,496.84,1
58,3321,329.79,695.24,246.54,105.26,1
58,3321,0.5,262.96,288.76,537.54,1
58,3321,0.5,653.13,160.42,147.37,1
58,3322,566.2,80.5,212.77,496.84,1
58,3322,329.79,712.08,246.54,88.421,1
58,3322,0.5,262.96,288.76,537.54,1
58,3322,0.5,630.68,160.42,169.82,1
58,3323,566.2,80.5,212.77,496.84,1
58,3323,329.79,712.08,246.54,88.421,1
58,3323,0.5,262.96,288.76,537.54,1
58,3323,0.5,630.68,160.42,169.82,1
58,3324,566.2,80.5,212.77,496.84,1
58,3324,306.15,717.69,246.54,82.807,1
58,3324,0.5,262.96,275.25,537.54,1
58,3324,0.5,630.68,160.42,169.82,1
58,3325,566.2,80.5,192.51,496.84,1
58,3325,252.11,717.69,246.54,82.807,1
58,3325,0.5,262.96,275.25,537.54,1
58,3325,0.5,630.68,160.42,169.82,1
58,3326,539.18,80.5,219.53,496.84,1
58,3326,252.11,703.66,246.54,96.842,1
58,3326,0.5,262.96,275.25,537.54,1
58,3326,0.5,630.68,160.42,169.82,1
58,3327,539.18,86.114,192.51,547.37,1
58,3327,279.13,703.66,219.53,96.842,1
58,3327,0.5,262.96,275.25,537.54,1
58,3327,0.5,538.04,214.46,262.46,1
58,3328,539.18,86.114,192.51,547.37,1
58,3328,279.13,703.66,239.79,96.842,1
58,3328,0.5,262.96,275.25,537.54,1
58,3328,0.5,538.04,241.48,262.46,1
58,3329,539.18,100.15,192.51,533.33,1
58,3329,299.39,703.66,239.79,96.842,1
58,3329,0.5,262.96,275.25,537.54,1
58,3329,0.5,630.68,146.91,169.82,1
58,3330,508.78,100.15,212.77,569.82,1
58,3330,299.39,703.66,239.79,96.842,1
58,3330,0.5,262.96,275.25,537.54,1
58,3330,0.5,655.94,126.65,144.56,1
58,3331,454.75,116.99,216.15,575.44,1
58,3331,299.39,703.66,239.79,96.842,1
58,3331,0.5,262.96,278.63,537.54,1
58,3331,0.5,655.94,126.65,144.56,1
58,3332,427.73,116.99,243.17,575.44,1
58,3332,299.39,692.43,239.79,108.07,1
58,3332,0.5,262.96,278.63,537.54,1
58,3332,0.5,655.94,126.65,144.56,1
58,3333,447.99,116.99,222.9,575.44,1
58,3333,289.26,692.43,249.92,108.07,1
58,3333,0.5,262.96,278.63,537.54,1
58,3333,0.5,655.94,126.65,144.56,1
58,3334,447.99,133.83,222.9,558.6,1
58,3334,0.5,262.96,278.63,537.54,1
58,3334,0.5,655.94,126.65,144.56,1
58,3335,447.99,133.83,222.9,558.6,1
58,3335,0.5,262.96,278.63,537.54,1
58,3335,0.5,655.94,140.16,144.56,1
58,3336,447.99,133.83,229.66,558.6,1
58,3336,0.5,262.96,278.63,537.54,1
58,3336,0.5,487.52,197.57,312.98,1
58,3337,447.99,133.83,229.66,558.6,1
58,3337,0.5,262.96,278.63,537.54,1
58,3337,0.5,420.15,234.72,380.35,1
58,3338,447.99,122.61,229.66,569.82,1
58,3338,0.5,262.96,278.63,537.54,1
58,3338,0.5,361.2,258.36,439.3,1
58,3338,481.77,675.59,219.53,124.91,1
58,3339,447.99,128.22,229.66,564.21,1
58,3339,0.5,262.96,278.63,537.54,1
58,3339,0.5,355.59,302.27,444.91,1
58,3339,424.35,577.34,303.96,223.16,1
58,3340,447.99,133.83,229.66,558.6,1
58,3340,46.094,240.5,233.03,560,1
58,3340,25.83,355.59,290.45,444.91,1
58,3340,424.35,473.48,327.6,327.02,1
58,3341,447.99,133.83,229.66,558.6,1
58,3341,46.094,240.5,233.03,560,1
58,3341,15.698,366.82,337.73,433.68,1
58,3341,475.01,445.41,327.6,355.09,1
58,3342,447.99,133.83,229.66,558.6,1
58,3342,46.094,240.5,263.43,560,1
58,3342,0.5,369.62,352.93,430.88,1
58,3342,488.52,445.41,314.09,355.09,1
58,3343,454.75,133.83,222.9,558.6,1
58,3343,46.094,240.5,263.43,560,1
58,3343,0.5,369.62,369.82,430.88,1
58,3343,488.52,445.41,314.09,355.09,1
58,3344,454.75,133.83,222.9,558.6,1
58,3344,83.244,240.5,263.43,560,1
58,3344,0.5,369.62,288.76,430.88,1
58,3344,488.52,445.41,314.09,355.09,1
58,3345,454.75,133.83,222.9,558.6,1
58,3345,83.244,240.5,266.81,560,1
58,3345,0.5,493.13,150.29,307.37,1
58,3345,488.52,445.41,314.09,355.09,1
58,3346,441.24,128.22,219.53,564.21,1
58,3346,103.51,232.08,246.54,568.42,1
58,3346,0.5,487.52,130.03,312.98,1
58,3346,461.5,445.41,324.22,355.09,1
58,3347,427.73,128.22,233.03,564.21,1
58,3347,120.39,232.08,229.66,568.42,1
58,3347,0.5,380.85,211.08,419.65,1
58,3347,420.97,439.8,324.22,360.7,1
58,3348,427.73,128.22,233.03,564.21,1
58,3348,120.39,232.08,229.66,568.42,1
58,3348,0.5,372.43,254.99,428.07,1
58,3348,397.33,411.73,324.22,388.77,1
58,3349,427.73,128.22,219.53,564.21,1
58,3349,120.39,232.08,307.34,568.42,1
58,3349,0.5,375.24,268.5,425.26,1
58,3349,397.33,389.27,324.22,411.23,1
58,3350,441.24,128.22,226.28,564.21,1
58,3350,120.39,226.46,307.34,574.04,1
58,3350,0.5,330.32,336.04,470.18,1
58,3350,383.82,389.27,314.09,411.23,1
58,3351,441.24,128.22,226.28,564.21,1
58,3351,120.39,226.46,307.34,574.04,1
58,3351,35.962,330.32,320.84,470.18,1
58,3351,383.82,389.27,293.83,411.23,1
58,3352,441.24,128.22,226.28,564.21,1
58,3352,120.39,226.46,307.34,574.04,1
58,3352,22.453,330.32,334.35,470.18,1
58,3352,383.82,389.27,293.83,411.23,1
58,3353,441.24,128.22,226.28,564.21,1
58,3353,147.41,223.66,280.32,576.84,1
58,3353,0.5,372.43,356.31,428.07,1
58,3353,350.05,389.27,310.71,411.23,1
58,3354,441.24,128.22,226.28,564.21,1
58,3354,147.41,223.66,280.32,576.84,1
58,3354,0.5,392.08,271.87,408.42,1
58,3354,383.82,389.27,290.45,411.23,1
58,3355,441.24,128.22,226.28,564.21,1
58,3355,147.41,223.66,280.32,576.84,1
58,3355,0.5,366.82,302.27,433.68,1
58,3355,370.32,389.27,303.96,411.23,1
58,3356,441.24,128.22,226.28,564.21,1
58,3356,147.41,223.66,280.32,576.84,1
58,3356,0.5,338.75,271.87,461.75,1
58,3356,370.32,389.27,303.96,411.23,1
58,3357,441.24,128.22,226.28,564.21,1
58,3357,147.41,234.89,280.32,565.61,1
58,3357,0.5,344.36,282.01,456.14,1
58,3357,387.2,389.27,287.07,411.23,1
58,3358,441.24,128.22,226.28,564.21,1
58,3358,147.41,234.89,280.32,565.61,1
58,3358,0.5,347.17,315.78,453.33,1
58,3358,387.2,389.27,287.07,411.23,1
58,3359,441.24,128.22,226.28,564.21,1
58,3359,147.41,234.89,280.32,565.61,1
58,3359,0.5,344.36,359.68,456.14,1
58,3359,387.2,378.04,287.07,422.46,1
58,3360,441.24,128.22,226.28,564.21,1
58,3360,147.41,234.89,280.32,565.61,1
58,3360,0.5,378.04,359.68,422.46,1
58,3360,360.18,378.04,314.09,422.46,1
58,3361,441.24,128.22,226.28,564.21,1
58,3361,130.53,229.27,297.2,571.23,1
58,3361,0.5,364.01,359.68,436.49,1
58,3361,377.07,378.04,297.2,422.46,1
58,3362,441.24,128.22,226.28,564.21,1
58,3362,130.53,215.24,297.2,585.26,1
58,3362,0.5,358.39,359.68,442.11,1
58,3362,377.07,386.46,297.2,414.04,1
58,3363,441.24,128.22,226.28,564.21,1
58,3363,130.53,215.24,297.2,585.26,1
58,3363,0.5,344.36,359.68,456.14,1
58,3363,366.94,386.46,307.34,414.04,1
58,3364,441.24,128.22,226.28,564.21,1
58,3364,130.53,215.24,297.2,585.26,1
58,3364,0.5,344.36,359.68,456.14,1
58,3364,366.94,386.46,307.34,414.04,1
58,3365,441.24,128.22,226.28,564.21,1
58,3365,144.04,215.24,283.69,585.26,1
58,3365,0.5,364.01,258.36,436.49,1
58,3365,366.94,386.46,307.34,414.04,1
58,3366,441.24,128.22,226.28,564.21,1
58,3366,144.04,215.24,283.69,585.26,1
58,3366,0.5,414.54,200.95,385.96,1
58,3366,366.94,386.46,307.34,414.04,1
58,3367,441.24,128.22,226.28,564.21,1
58,3367,144.04,215.24,283.69,585.26,1
58,3367,0.5,366.82,241.48,433.68,1
58,3367,329.79,386.46,344.49,414.04,1
58,3368,441.24,128.22,226.28,564.21,1
58,3368,144.04,215.24,283.69,585.26,1
58,3368,0.5,344.36,359.68,456.14,1
58,3368,329.79,372.43,307.34,428.07,1
58,3369,441.24,128.22,226.28,564.21,1
58,3369,144.04,215.24,287.07,585.26,1
58,3369,0.5,355.59,238.1,444.91,1
58,3369,431.11,341.55,287.07,458.95,1
58,3370,441.24,128.22,226.28,564.21,1
58,3370,144.04,215.24,287.07,585.26,1
58,3370,0.5,369.62,268.5,430.88,1
58,3370,515.54,305.06,266.81,495.44,1
58,3371,441.24,128.22,226.28,564.21,1
58,3371,144.04,215.24,287.07,585.26,1
58,3371,0.5,352.78,271.87,447.72,1
58,3371,515.54,305.06,249.92,495.44,1
58,3372,441.24,128.22,226.28,564.21,1
58,3372,144.04,215.24,287.07,585.26,1
58,3372,0.5,344.36,359.68,456.14,1
58,3372,515.54,274.18,249.92,526.32,1
58,3373,441.24,128.22,226.28,564.21,1
58,3373,144.04,215.24,287.07,585.26,1
58,3373,0.5,344.36,359.68,456.14,1
58,3373,579.71,257.34,216.15,543.16,1
58,3374,441.24,128.22,226.28,564.21,1
58,3374,144.04,215.24,287.07,585.26,1
58,3374,0.5,330.32,302.27,470.18,1
58,3374,579.71,240.5,233.03,560,1
58,3375,441.24,128.22,226.28,564.21,1
58,3375,144.04,215.24,287.07,585.26,1
58,3375,0.5,361.2,342.8,439.3,1
58,3375,606.73,240.5,206.02,560,1
58,3376,441.24,128.22,226.28,564.21,1
58,3376,144.04,215.24,287.07,585.26,1
58,3376,0.5,378.04,359.68,422.46,1
58,3376,606.73,240.5,206.02,560,1
58,3377,441.24,128.22,226.28,564.21,1
58,3377,144.04,204.01,287.07,596.49,1
58,3377,0.5,369.62,359.68,430.88,1
58,3377,606.73,240.5,206.02,560,1
58,3378,441.24,128.22,226.28,564.21,1
58,3378,144.04,204.01,287.07,596.49,1
58,3378,0.5,344.36,359.68,456.14,1
58,3378,606.73,240.5,206.02,560,1
58,3379,441.24,119.8,226.28,572.63,1
58,3379,144.04,204.01,287.07,596.49,1
58,3379,0.5,327.52,309.02,472.98,1
58,3379,606.73,240.5,206.02,560,1
58,3380,441.24,119.8,226.28,572.63,1
58,3380,144.04,215.24,287.07,585.26,1
58,3380,0.5,327.52,339.42,472.98,1
58,3380,606.73,240.5,206.02,560,1
58,3381,441.24,119.8,226.28,572.63,1
58,3381,110.26,234.89,320.84,565.61,1
58,3381,0.5,400.5,282.01,400,1
58,3381,606.73,240.5,206.02,560,1
58,3382,441.24,119.8,226.28,572.63,1
58,3382,110.26,234.89,320.84,565.61,1
58,3382,0.5,532.43,214.46,268.07,1
58,3382,606.73,240.5,206.02,560,1
58,3383,441.24,119.8,226.28,572.63,1
58,3383,110.26,246.11,320.84,554.39,1
58,3383,0.5,543.66,177.31,256.84,1
58,3383,606.73,240.5,206.02,560,1
58,3384,441.24,119.8,226.28,572.63,1
58,3384,110.26,246.11,320.84,554.39,1
58,3384,0.5,543.66,177.31,256.84,1
58,3384,606.73,240.5,206.02,560,1
58,3385,441.24,119.8,226.28,572.63,1
58,3385,110.26,246.11,320.84,554.39,1
58,3385,0.5,372.43,184.06,428.07,1
58,3385,606.73,265.76,206.02,534.74,1
58,3386,441.24,119.8,226.28,572.63,1
58,3386,110.26,246.11,320.84,554.39,1
58,3386,0.5,349.97,224.59,450.53,1
58,3386,647.25,291.03,236.41,509.47,1
58,3387,404.09,139.45,273.56,572.63,1
58,3387,140.66,223.66,290.45,576.84,1
58,3387,0.5,389.27,305.65,411.23,1
58,3387,724.93,375.24,280.32,425.26,1
58,3388,431.11,139.45,256.68,603.51,1
58,3388,140.66,248.92,307.34,551.58,1
58,3388,68.046,442.61,349.55,357.89,1
58,3388,927.57,445.41,352.93,355.09,1
58,3389,481.77,139.45,256.68,603.51,1
58,3389,123.77,291.03,324.22,509.47,1
58,3389,250.42,431.38,440.74,369.12,1
58,3390,481.77,139.45,283.69,603.51,1
58,3390,235.22,321.9,364.75,478.6,1
58,3390,537.49,509.97,396.83,290.53,1
58,3391,512.16,187.17,297.2,613.33,1
58,3391,434.48,369.62,270.18,430.88,1
58,3391,969.79,515.59,310.71,284.91,1
58,3392,566.2,206.82,347.86,593.68,1
58,3392,741.82,408.92,303.96,391.58,1
58,3393,647.25,251.73,347.86,548.77,1
58,3393,1082.9,403.31,197.57,397.19,1
58,3394,735.06,288.22,442.43,512.28,1
58,3395,924.19,341.55,356.31,458.95,1
58,3396,1130.2,611.03,150.29,189.47,1
