50,35,1005.3,67.521,51.2,185.11,1
50,36,966.9,73.904,53.76,180.85,1
50,37,923.38,78.16,69.12,189.36,1
50,38,910.58,78.16,76.8,204.26,1
50,39,895.22,84.543,79.36,214.89,1
50,40,892.66,86.67,87.04,225.53,1
50,41,884.98,88.798,89.6,240.43,1
50,42,882.42,97.309,92.16,257.45,1
50,43,864.5,97.309,110.08,276.6,1
50,44,874.74,105.82,99.84,295.74,1
50,45,892.66,105.82,153.6,312.77,1
50,46,923.38,105.82,122.88,323.4,1
50,47,954.1,105.82,117.76,323.4,1
50,48,1018.1,105.82,76.8,323.4,1
50,112,35.843,390.96,380.18,409.54,1
50,113,161.93,352.79,405.01,447.71,1
50,114,205.87,333.7,485.25,466.8,1
50,115,372.08,308.25,399.28,492.25,1
50,116,572.68,278.03,234.99,522.47,1
50,117,629.99,239.86,254.09,553.48,1
50,118,691.13,206.46,179.58,493.04,1
50,119,727.43,181.02,177.67,434.19,1
50,120,759.9,165.11,146.04,380.12,1
50,121,798.11,147.62,137.55,346.72,1
50,122,815.31,139.67,118.45,315.03,1
50,122,0.5,600.5,160.26,200,1
50,123,834.41,128.53,108.9,286.47,1
50,123,182.95,422.77,468.06,377.73,1
50,124,842.19,121.55,98.945,261.4,1
50,124,300.76,320.98,382.73,479.52,1
50,125,849.69,115.81,90.839,240.16,1
50,125,467.6,262.13,317.13,538.37,1
50,126,856.25,111.59,84.154,222.05,1
50,126,519.19,228.73,259.91,571.77,1
50,127,862,108.11,77.684,204.75,1
50,127,599.43,201.69,233.07,598.81,1
50,128,867.9,104.99,72.16,189.49,1
50,128,662.47,184.2,204.42,586.88,1
50,129,874.94,101.85,68.311,187.32,1
50,129,717.87,158.46,195.08,536.28,1
50,130,884.08,98.313,66.866,169.99,1
50,130,777.1,141.26,171.94,485.09,1
50,131,895.54,93.835,59.224,164.91,1
50,131,786.65,130.73,154.75,443.13,1
50,132,918.47,89.064,63.045,161.73,1
50,132,819.13,125.35,145.19,400.8,1
50,133,941.4,85.589,66.866,160.64,1
50,133,819.13,118.99,143.28,388.07,1
50,134,977.69,83.344,57.313,160.64,1
50,134,843.96,117.4,149.01,368.99,1
50,135,994.89,81.58,49.672,160.66,1
50,135,891.72,107.86,145.19,353.08,1
50,136,987.25,80.865,48.937,160.68,1
50,136,905.1,107.86,131.82,334,1
50,137,964.32,81.097,68.776,160.89,1
50,137,922.29,107.86,114.63,332.41,1
50,138,958.59,81.678,63.045,161.36,1
50,138,912.74,104.67,124.18,334,1
50,139,949.04,82.432,64.955,161.99,1
50,139,910.83,107.86,126.09,330.82,1
50,140,925.1,83.187,73.908,162.68,1
50,140,922.29,107.86,114.63,330.82,1
50,141,920.19,83.767,74.37,163.32,1
50,141,920.38,107.86,116.54,330.82,1
50,142,918.47,83.999,74.507,163.82,1
50,142,933.75,107.86,118.45,332.41,1
50,143,903.19,81.772,87.881,164.14,1
50,143,945.22,107.86,129.91,329.22,1
50,144,950.95,85.589,59.224,158.41,1
50,144,994.89,107.86,129.91,332.41,1
50,145,981.51,83.999,57.313,158.09,1
50,146,1017.8,75.092,57.696,165.09,1
50,150,0.5,562.73,64,237.77,1
50,151,133.28,365.51,341.97,434.99,1
50,152,341.51,271.67,361.07,528.83,1
50,153,503.9,219.19,234.99,581.31,1
50,154,597.51,196.92,248.36,603.58,1
50,155,672.02,173.06,192.96,578.93,1
50,156,723.6,147.62,179.58,515.31,1
50,157,756.3,130.11,151.73,448.18,1
50,158,786.65,118.99,129.91,399.2,1
50,159,823.51,113.23,125.67,376.11,1
50,160,843.96,108.4,196.78,339.82,1
50,161,895.54,104.7,150.93,335.56,1
50,162,926.11,102.33,144.28,325.21,1
50,163,1000.6,101.49,118.45,329.22,1
50,198,981.51,109.45,116.54,324.45,1
50,199,937.57,105.54,78.328,311.59,1
50,200,884.08,107.86,95.522,284.69,1
50,201,864.98,105.53,87.881,263.16,1
50,202,866.89,102.5,80.239,243.92,1
50,203,874.53,98.886,72.597,226.86,1
50,204,877.37,95.059,73.579,211.08,1
50,205,893.63,90.588,68.776,198.41,1
50,206,895.54,85.589,64.955,190.85,1
50,206,998.71,72.866,63.045,171.77,1
50,207,917.68,85.589,66.936,181.22,1
50,207,928.02,79.228,97.433,167,1
50,208,956.18,79.228,71.19,178.32,1
50,208,893.63,80.818,87.881,176.54,1
50,209,1004.4,66.504,80.239,182.9,1
50,209,885.99,82.409,76.418,181.31,1
50,210,884.08,83.999,64.955,187.67,1
50,211,889.81,82.409,80.239,200.4,1
50,212,885.99,87.18,78.328,213.12,1
50,213,891.72,91.951,87.881,230.62,1
50,214,882.17,100.38,82.149,247.64,1
50,215,866.89,104.67,106.99,271.97,1
50,216,863.07,110.15,108.9,293.53,1
50,217,855.43,109.45,133.2,316.5,1
50,218,882.17,110.82,154.75,329.45,1
50,219,901.28,110.98,144.84,329.28,1
50,220,914.65,111.04,156.66,327.63,1
50,221,944.95,108.4,141.09,330.81,1
50,222,987.25,103.08,106.99,332.41,1
50,223,1029.3,103.08,105.07,332.41,1
50,235,803.84,85.589,64.955,198.81,1
50,236,826.77,85.589,85.97,198.81,1
50,237,834.41,83.999,87.881,200.4,1
50,238,838.23,82.409,87.881,203.58,1
50,239,851.6,90.361,66.866,205.17,1
50,240,849.69,96.723,70.687,217.89,1
50,241,840.14,101.49,85.97,233.8,1
50,242,822.95,106.27,80.239,254.47,1
50,243,807.66,112.63,85.97,276.74,1
50,244,771.37,118.99,131.82,299.01,1
50,245,744.62,122,99.343,335.76,1
50,246,698.77,138.07,101.25,362.62,1
50,247,666.29,153.98,118.45,413.52,1
50,248,631.9,168.29,147.51,475.55,1
50,249,582.23,187.38,175.76,558.25,1
50,250,501.99,223.96,275.1,576.54,1
50,251,385.46,274.85,282.75,525.65,1
50,252,196.32,378.23,355.34,422.27,1
50,253,0.5,647.02,96.478,153.48,1
50,386,54.948,432.31,353.43,368.19,1
50,387,318.59,316.21,395.46,484.29,1
50,388,484.8,247.82,355.34,552.68,1
50,389,664.38,198.51,259.82,601.99,1
50,390,715.96,165.11,259.82,537.57,1
50,391,813.4,147.62,191.04,461.23,1
50,392,819.13,131.3,171.94,402,1
50,393,847.78,117.4,141.37,354.67,1
50,394,838.23,107.68,145.19,319.42,1
50,395,870.71,100.35,116.54,292.67,1
50,396,872.62,98.313,112.72,257.65,1
50,397,893.63,91.951,99.343,236.98,1
50,398,885.2,83,102.05,225.25,1
50,399,901.28,79.228,85.97,211.53,1
50,400,901.28,76.741,87.881,196.73,1
50,401,935.66,74.456,76.418,184.49,1
50,402,973.87,71.275,80.239,174.95,1
50,403,1021.6,71.275,70.687,174.95,1
50,420,985.34,96.723,133.73,338.77,1
50,421,914.65,96.723,118.45,338.77,1
50,422,845.87,112.63,120.36,353.08,1
50,422,0.5,497.52,157.61,302.98,1
50,423,773.28,118.99,135.64,381.71,1
50,423,108.44,411.63,278.93,388.87,1
50,424,706.41,130.12,164.3,419.88,1
50,424,309.04,325.75,307.58,474.75,1
50,425,681.57,139.38,166.21,450.39,1
50,425,488.62,274.85,280.84,525.65,1
50,425,79.784,659.74,196.78,140.76,1
50,426,618.53,149.21,187.22,451.69,1
50,426,631.9,239.86,250.27,560.64,1
50,426,209.69,526.15,298.03,274.35,1
50,427,573.4,173.06,192.24,539.17,1
50,427,679.66,217.6,244.54,582.9,1
50,427,375.9,449.8,355.34,350.7,1
50,428,496.26,203.28,236.9,565.53,1
50,428,712.14,206.46,215.88,594.04,1
50,428,503.9,387.78,320.96,412.72,1
50,429,398.83,241.45,265.55,559.05,1
50,429,775.19,185.79,139.46,602.78,1
50,429,576.5,330.52,299.94,469.98,1
50,430,289.45,296.05,309.98,504.45,1
50,430,748.44,184.2,187.22,512.13,1
50,430,683.49,298.71,277.01,501.79,1
50,431,95.067,368.69,420.3,431.81,1
50,431,769.46,179.43,131.82,505.77,1
50,431,712.14,290.76,261.73,509.74,1
50,432,0.5,480.02,241.67,320.48,1
50,432,754.17,171.47,131.82,510.54,1
50,432,679.66,289.42,256,511.08,1
50,433,729.34,165.11,147.1,507.36,1
50,433,677.75,281.22,254.09,519.28,1
50,434,769.46,160.74,122.39,519.68,1
50,434,750.35,280.42,200.6,520.08,1
50,435,771.37,158.75,137.55,475.55,1
50,435,763.72,271.67,187.22,528.83,1
50,436,788.56,160.34,143.28,480.32,1
50,436,664.38,270.08,288.48,530.42,1
50,437,775.19,158.75,162.39,507.36,1
50,437,779.01,273.26,183.4,527.24,1
50,438,765.63,158.75,160.48,510.54,1
50,438,723.6,277.84,242.63,522.66,1
50,439,765.63,158.75,166.21,508.95,1
50,439,748.44,277.34,214.19,523.16,1
50,440,767.54,160.34,158.57,510.54,1
50,440,756.08,276.9,210.32,523.6,1
50,441,763.72,158.75,160.48,508.95,1
50,441,750.35,276.5,212.06,524,1
50,442,763.72,161.93,156.66,505.77,1
50,442,752.26,276.16,210.15,524.34,1
50,443,763.72,161.93,164.3,507.36,1
50,443,746.53,275.86,215.88,524.64,1
50,444,752.26,155.57,175.76,493.04,1
50,444,756.08,275.61,204.42,524.89,1
50,445,715.96,163.52,175.76,481.91,1
50,445,751.56,275.39,203.21,525.11,1
50,446,693.04,160.34,122.27,486.68,1
50,446,788.56,275.22,168.12,525.28,1
50,447,685.4,157.16,120.36,470.78,1
50,447,765.63,271.67,217.34,528.83,1
50,448,687.31,155.57,116.54,466,1
50,448,757.87,274.98,226.15,525.52,1
50,449,687.31,160.34,152.84,458.05,1
50,449,779.01,281.22,227.34,519.28,1
50,450,689.22,165.11,133.73,453.28,1
50,450,752.26,285.99,244.54,514.51,1
50,451,689.22,163.52,135.64,456.46,1
50,451,759.9,274.85,225.43,525.65,1
50,452,683.49,165.11,139.46,451.69,1
50,452,723.6,268.49,256,532.01,1
50,453,687.31,165.11,139.46,451.69,1
50,453,721.69,266.9,254.09,533.6,1
50,454,687.31,166.7,139.46,451.69,1
50,454,704.5,274.93,250.27,525.57,1
50,455,691.13,165.11,101.25,454.87,1
50,455,672.02,281.22,277.01,519.28,1
50,456,685.4,163.52,108.9,453.28,1
50,456,708.32,284.4,227.34,516.1,1
50,457,685.4,165.11,122.27,453.28,1
50,457,689.22,287.58,254.09,512.92,1
50,458,683.49,163.52,124.18,458.05,1
50,458,706.41,289.17,246.45,511.33,1
50,459,683.49,165.11,120.36,453.28,1
50,459,721.69,284.4,263.74,516.1,1
50,460,681.57,165.11,122.27,453.28,1
50,460,735.07,281.22,263.64,519.28,1
50,461,681.57,161.93,124.18,458.05,1
50,461,723.6,285.99,273.19,514.51,1
50,462,677.75,161.93,126.09,454.87,1
50,462,704.5,292.35,280.5,508.15,1
50,463,677.75,161.93,126.09,445.33,1
50,463,704.5,295.53,280.23,504.97,1
50,464,675.84,163.52,129.91,445.33,1
50,464,704.5,292.35,271.28,508.15,1
50,465,675.84,163.52,128,434.19,1
50,465,700.68,293.94,271.28,506.56,1
50,466,677.75,161.93,128,442.15,1
50,466,710.23,293.94,273.2,506.56,1
50,467,673.93,163.52,133.73,441.29,1
50,467,710.23,289.17,272.58,511.33,1
50,468,672.02,161.93,133.73,459.64,1
50,468,738.89,290.76,271.28,509.74,1
50,469,672.02,161.93,133.73,457.49,1
50,469,744.7,287.58,273.12,512.92,1
50,470,672.02,160.34,135.64,458.05,1
50,470,780.92,285.99,250.27,514.51,1
50,471,675.84,160.34,131.82,459.64,1
50,471,740.15,280.52,283.39,519.98,1
50,472,673.93,158.75,135.64,461.23,1
50,472,737.59,281.25,278.31,519.25,1
50,473,675.84,161.93,129.91,458.05,1
50,473,734.83,282.05,279.17,518.45,1
50,474,677.75,158.75,131.82,461.23,1
50,474,740.8,297.12,267.46,503.38,1
50,475,677.75,160.34,131.82,456.46,1
50,475,728.66,283.82,271.96,516.68,1
50,476,673.93,163.52,135.64,454.87,1
50,476,725.24,284.8,275.38,515.7,1
50,477,677.75,163.52,149.01,454.87,1
50,477,746.53,285.85,256,514.65,1
50,478,681.57,161.93,131.82,459.64,1
50,478,759.9,286.97,236.9,513.53,1
50,479,689.22,150.8,108.9,432.6,1
50,479,756.08,288.16,240.72,512.34,1
50,480,707.12,144.54,144.49,402.28,1
50,480,738.89,289.42,248.36,511.08,1
50,481,710.23,134.89,123.98,372.17,1
50,481,704.5,290.76,254.09,509.74,1
50,482,739.21,130.12,118.13,353.08,1
50,482,624.26,302.45,269.37,498.05,1
50,483,753.18,127.15,123.26,336.97,1
50,483,534.47,325.75,271.28,474.75,1
50,484,765.63,121.82,110.81,320.03,1
50,484,458.2,355.97,271.14,444.53,1
50,485,776.4,116.6,101.95,295.03,1
50,485,347.25,395.73,267.46,404.77,1
50,486,785.87,109.45,98.215,278.33,1
50,486,150.47,468.89,296.12,331.61,1
50,487,794.77,106.83,102.68,263.45,1
50,487,0.5,569.09,251.22,231.41,1
50,488,803.84,102.8,87.881,255.4,1
50,489,814.48,99.224,84,248.79,1
50,490,826.56,95.8,80.603,232.34,1
50,491,826.77,92.636,84.06,222.02,1
50,492,838.23,89.834,80.239,210.47,1
50,493,847.78,87.5,80.441,206.28,1
50,493,992.98,69.823,66.866,175.3,1
50,494,859.25,85.739,68.776,201.84,1
50,494,989.79,71.284,68.299,179.88,1
50,495,859.25,84.305,65.315,199.08,1
50,495,970.05,76.197,57.313,180.08,1
50,496,859.25,82.969,61.522,196.85,1
50,496,956.68,77.791,64.955,176.89,1
50,497,859.25,81.858,57.931,195.05,1
50,497,966.23,74.604,55.403,188.05,1
50,498,859.25,81.099,55.077,193.61,1
50,498,966.23,77.127,55.403,190.31,1
50,499,859.25,80.818,53.493,192.45,1
50,499,950.95,80.978,66.866,188.05,1
50,500,859.63,80.818,52.774,191.43,1
50,500,956.68,79.384,61.134,192.83,1
50,501,860.64,80.818,52.197,190.54,1
50,501,967.5,81.509,56.04,192.3,1
50,502,862.04,80.818,51.812,189.85,1
50,502,966.23,82.97,55.403,189.24,1
50,503,863.61,80.818,51.672,189.44,1
50,503,966.23,79.384,55.403,192.83,1
50,504,864.98,80.818,51.582,189.26,1
50,504,966.23,79.384,57.313,192.83,1
50,505,866.2,81.035,51.791,190.26,1
50,505,973.87,79.384,47.761,192.83,1
50,506,867.44,81.656,52.4,193.14,1
50,506,952.86,80.978,66.866,192.83,1
50,507,868.71,82.633,53.379,197.7,1
50,507,949.04,84.165,57.313,194.42,1
50,508,857.34,83.919,64.955,187.75,1
50,508,933.75,80.978,68.776,199.2,1
50,509,859.25,85.468,68.395,198.93,1
50,509,943.31,81.011,66.866,207.14,1
50,510,851.6,87.232,68.776,208.3,1
50,510,945.22,87.353,68.776,213.55,1
50,511,843.96,91.951,68.776,216.3,1
50,511,939.49,85.759,68.776,221.51,1
50,512,828.68,98.313,72.597,229.03,1
50,512,943.31,90.54,72.597,226.29,1
50,513,815.31,104.67,76.418,240.16,1
50,513,931.84,95.321,87.881,240.64,1
50,514,807.66,107.86,89.791,257.65,1
50,514,933.75,103.29,84.06,251.79,1
50,515,803.84,106.27,87.881,275.15,1
50,515,931.84,101.7,93.612,266.14,1
50,516,805.75,109.45,106.99,302.19,1
50,516,928.02,104.88,93.612,275.7,1
50,517,836.32,107.86,105.07,311.73,1
50,517,916.56,104.88,101.25,285.26,1
50,518,884.08,109.45,84.06,329.22,1
50,518,868.8,109.66,133.73,285.26,1
50,519,903.19,109.45,137.55,330.82,1
50,519,853.51,109.66,97.433,280.48,1
50,520,932.03,109.45,110.62,343.54,1
50,520,853.51,109.66,95.522,290.04,1
50,521,931.84,107.86,118.45,348.31,1
50,521,842.05,109.66,93.612,291.63,1
50,522,945.85,109.45,115.91,343.54,1
50,522,842.05,109.66,93.612,291.63,1
50,523,966.23,103.2,108.9,348.2,1
50,523,842.05,109.66,93.612,291.63,1
50,524,973.87,105.43,97.433,345.96,1
50,524,842.05,109.66,93.612,291.63,1
50,525,979.6,107.75,118.45,342.06,1
50,525,842.05,109.66,93.612,291.63,1
50,526,985.34,110.15,93.925,338.07,1
50,526,842.05,109.66,93.612,291.63,1
50,527,985.34,112.63,106.99,337.18,1
50,527,842.05,109.66,93.612,291.63,1
50,528,985.34,112.63,106.99,337.18,1
50,528,842.05,109.66,93.612,291.63,1
50,528,444.68,700.9,223.52,99.602,1
50,529,996.8,112.63,95.522,337.18,1
50,529,842.05,109.66,93.612,291.63,1
50,529,553.57,621.22,213.97,179.28,1
50,530,1014,112.63,87.881,324.45,1
50,530,842.05,109.66,93.612,291.63,1
50,530,500.08,508.07,385.91,292.43,1
50,530,0.5,480.98,190.09,319.52,1
50,531,1025.5,112.63,95.522,324.45,1
50,531,842.05,109.66,93.612,291.63,1
50,531,599.43,431.58,361.07,368.92,1
50,531,130.13,396.24,302.14,404.26,1
50,532,842.05,109.66,93.612,291.63,1
50,532,687.31,367.83,324.78,432.67,1
50,532,252.62,319.65,308.26,480.85,1
50,533,813.4,108.07,126.09,288.45,1
50,533,719.78,308.87,275.1,491.63,1
50,533,377.15,277.1,275.6,523.4,1
50,534,813.4,95.321,126.09,301.2,1
50,534,782.83,265.84,234.99,534.66,1
50,534,475.14,234.54,253.14,565.96,1
50,535,813.4,95.321,126.09,301.2,1
50,535,798.11,238.75,208.24,561.75,1
50,535,538.43,210.71,230.69,589.79,1
50,536,840.14,106.48,99.343,290.04,1
50,536,824.86,219.62,192.96,541.83,1
50,536,599.67,198.8,200.06,601.7,1
50,537,840.14,106.48,99.343,290.04,1
50,537,859.25,197.31,160.48,494.02,1
50,537,642.54,166.46,181.69,599.15,1
50,538,840.14,106.48,99.343,290.04,1
50,538,842.05,179.78,164.3,444.62,1
50,538,654.79,157.95,169.44,522.55,1
50,539,840.14,106.48,99.343,290.04,1
50,539,864.98,163.85,141.37,406.37,1
50,539,699.7,151.14,142.12,508.94,1
50,540,840.14,106.48,99.343,290.04,1
50,540,855.43,157.47,126.09,384.06,1
50,540,724.2,134.12,142.12,462.13,1
50,541,840.14,106.48,99.343,290.04,1
50,541,851.6,155.88,118.45,363.35,1
50,541,744.61,125.61,133.95,431.49,1
50,542,840.14,106.48,99.343,290.04,1
50,542,861.16,139.94,128,331.47,1
50,542,773.2,117.1,122.49,424.68,1
50,543,834.41,116.04,84.06,280.48,1
50,543,887.9,136.75,97.433,302.79,1
50,543,802.61,116.99,108.07,387.37,1
50,544,821.04,116.04,76.418,280.48,1
50,544,907.01,131.97,93.612,294.82,1
50,544,797.69,111.99,118.41,363.4,1
50,545,769.46,117.63,112.72,294.82,1
50,545,924.2,124.01,76.418,278.88,1
50,545,811.98,110.29,140.86,353.19,1
50,546,757.99,119.23,103.16,298.01,1
50,546,920.38,119.23,78.328,261.35,1
50,546,850.77,100.07,112.28,337.87,1
50,547,750.35,120.82,99.343,296.41,1
50,547,916.56,114.44,84.06,251.79,1
50,547,871.19,100.07,112.28,336.17,1
50,548,763.72,117.63,85.97,299.6,1
50,548,918.47,114.44,91.701,245.42,1
50,548,897.72,93.266,123.74,315.74,1
50,549,765.63,119.23,95.522,301.2,1
50,549,928.02,104.88,84.06,237.45,1
50,549,922.22,86.457,102.07,307.23,1
50,550,765.63,119.23,105.07,310.76,1
50,550,903.19,104.88,93.612,229.48,1
50,550,922.22,89.862,91.078,283.4,1
50,551,765.63,124.01,112.72,315.54,1
50,551,884.08,108.07,78.328,219.92,1
50,551,922.22,91.191,79.617,277.82,1
50,552,782.83,125.6,128,333.07,1
50,552,866.89,108.07,63.045,215.14,1
50,552,928.35,82.68,86.995,265.9,1
50,553,807.66,131.97,149.01,356.97,1
50,553,847.78,103.29,63.045,216.73,1
50,553,936.51,82.68,89.037,248.88,1
50,554,830.59,136.75,200.6,379.28,1
50,554,838.23,103.29,78.328,194.42,1
50,554,956.68,84.165,61.134,237.45,1
50,555,845.87,131.97,173.85,382.47,1
50,555,847.78,101.7,80.239,183.27,1
50,555,956.68,84.165,61.134,237.45,1
50,556,822.95,131.97,124.18,364.94,1
50,556,843.96,101.7,80.239,191.24,1
50,556,956.68,77.947,61.134,211.06,1
50,557,809.57,131.97,95.522,360.16,1
50,557,857.34,96.914,66.866,178.49,1
50,557,950.8,69.272,67.01,219.74,1
50,558,803.84,125.6,89.791,350.6,1
50,558,876.44,92.133,66.866,172.11,1
50,558,944.68,74.543,73.135,202.55,1
50,559,803.84,122.41,106.99,353.78,1
50,559,897.46,90.54,49.672,162.55,1
50,559,950.8,74.543,67.01,192.34,1
50,560,803.84,124.01,122.27,352.19,1
50,560,914.65,88.946,57.313,162.55,1
50,560,967.13,69.436,63.285,188.94,1
50,561,803.84,125.6,91.701,350.6,1
50,561,945.22,85.759,57.313,160.96,1
50,561,991.63,67.734,63.285,188.94,1
50,562,800.02,124.01,85.97,349,1
50,562,971.96,82.572,61.134,157.77,1
50,563,963.05,111.99,116.36,318.3,1
50,563,771.37,130.38,101.25,342.63,1
50,563,1006.4,79.384,42.03,148.21,1
50,564,879.35,111.99,116.36,296.17,1
50,564,771.37,127.19,108.9,345.82,1
50,565,856.9,103.48,102.07,277.45,1
50,565,765.63,127.19,99.343,344.22,1
50,566,830.36,94.968,102.07,260.43,1
50,566,784.74,131.97,91.701,349,1
50,567,836.48,94.968,95.949,236.6,1
50,567,798.11,131.97,129.91,352.19,1
50,568,836.48,94.968,95.949,221.28,1
50,568,822.95,135.16,139.46,371.31,1
50,569,865.06,86.457,79.617,214.47,1
50,569,813.4,149.5,149.01,414.34,1
50,570,893.64,86.457,71.451,202.55,1
50,570,777.1,163.85,162.39,466.93,1
50,571,930.39,76.245,71.451,187.23,1
50,571,662.47,182.97,227.34,494.02,1
50,572,969.18,74.543,71.451,180.43,1
50,572,526.83,200.5,284.66,557.77,1
50,573,969.18,74.543,71.451,180.43,1
50,573,551.66,219.62,183.4,578.49,1
50,574,433.22,259.46,263.64,541.04,1
50,575,356.8,308.87,269.37,491.63,1
50,576,203.96,382.17,341.97,418.33,1
50,577,64.5,473.01,319.04,327.49,1
50,578,0.5,630.78,111.76,169.72,1
50,645,983.43,73.01,51.582,175.3,1
50,646,922.29,74.604,84.06,188.05,1
50,647,908.92,77.791,64.955,196.02,1
50,648,880.26,82.572,84.06,208.76,1
50,649,880.26,85.759,76.418,219.92,1
50,650,863.07,90.54,87.881,237.45,1
50,651,861.16,93.727,89.791,259.76,1
50,652,855.43,98.508,101.25,275.7,1
50,653,876.44,103.29,124.18,291.63,1
50,654,907.01,111.26,147.1,317.13,1
50,655,929.93,116.04,131.82,313.94,1
50,656,1017.8,117.63,91.701,312.35,1
50,702,967.13,72.84,65.327,187.23,1
50,703,925.56,79.41,68.357,191.83,1
50,704,887.71,85.443,74.339,200.16,1
50,705,853.92,90.891,84.632,213.84,1
50,706,830.84,95.788,84.582,231.59,1
50,707,820.48,99.873,88.098,250.7,1
50,708,816.07,104,95.949,270.11,1
50,709,831.5,110.38,116.39,289.72,1
50,710,863.02,114.45,132.49,307.66,1
50,711,908.8,113.28,131.83,321.56,1
50,712,925.97,114.27,122.83,329.63,1
50,713,922.21,113.66,114.36,331.95,1
50,714,926.31,119.47,129.02,326.14,1
50,715,1005.7,151.42,63.461,280.57,1
50,728,0.5,476.24,190.88,324.26,1
50,729,118.22,401.35,387.54,399.15,1
50,730,252.28,326.46,388.22,474.04,1
50,731,378.17,278.8,278.66,521.7,1
50,732,478.99,247.18,239.72,553.32,1
50,733,536.3,222.98,216.66,577.52,1
50,734,587.19,207.34,203.86,560.08,1
50,735,632.27,188.21,191.5,529.73,1
50,736,671.12,164.76,179.65,481.2,1
50,737,722.61,151.29,163.34,435.59,1
50,738,774.27,141.08,150,427.08,1
50,739,811.75,132.14,145.06,399.61,1
50,740,850.92,124.28,140.71,367.28,1
50,741,871.84,117.56,131.44,347.11,1
50,742,887.15,111.45,119.5,331.25,1
50,743,900.18,106.03,111.87,315.75,1
50,744,912.43,101.24,109.69,299,1
50,745,923.19,96.944,108.36,282.6,1
50,746,932.43,93.098,106.16,267.42,1
50,747,941.69,88.992,97.185,253.61,1
50,748,946.72,86.704,89.825,241.46,1
50,749,946.33,86.891,90.219,231.2,1
50,750,945.32,87.079,91.228,222.46,1
50,751,940.1,83.046,96.447,215.23,1
50,752,935.49,78.519,101.05,208.79,1
50,753,938.36,77.946,98.496,203.07,1
50,754,943.56,77.403,92.98,196.91,1
50,755,948.92,75.416,83.54,188.06,1
50,756,963.05,75.591,68.936,183.56,1
50,757,987.55,76.817,48.995,181.56,1
50,861,971.22,69.436,63.285,177.02,1
50,862,928.23,72.482,75.655,185.96,1
50,863,906.26,75.824,74.7,196.17,1
50,864,894.3,79.439,77.225,208.02,1
50,865,905.92,83.25,82.6,220.92,1
50,866,903.31,87.288,89.69,234.6,1
50,867,907.24,91.639,99.159,248.57,1
50,868,911.16,96.316,104.97,264.18,1
50,869,910.31,101.55,97.654,284.48,1
50,870,907.99,107.36,110.18,304.22,1
50,871,903.6,104.78,112.53,335.72,1
50,872,937.47,110.32,109.28,331.88,1
50,873,900.24,113.16,146.51,324.74,1
50,874,826.29,115.47,121.61,316.83,1
50,875,772.44,118.02,96.702,312.27,1
50,876,769.27,122.08,124.37,314.95,1
50,877,834.44,113.84,163.32,318.18,1
50,878,927.07,105.61,99.263,322.98,1
50,879,924.7,110.03,108.15,327.89,1
50,880,883.43,119.12,124.53,334.99,1
50,881,842.87,132.32,143.19,368.83,1
50,882,803.06,147.69,161.38,422.17,1
50,883,769.12,162.06,174.72,481.55,1
50,884,726.24,180.25,190.59,541.1,1
50,885,632.33,214.12,224.56,586.38,1
50,886,562.92,277.1,259.27,523.4,1
50,887,268.95,256.67,510.37,543.83,1
50,888,0.5,537.52,256.2,262.98,1
50,911,1001.8,69.436,32.663,170.21,1
50,912,971.86,73.034,43.603,172.38,1
50,912,995.72,67.734,46.954,187.23,1
50,913,945.59,74.626,53.057,175.22,1
50,913,973.13,69.113,61.446,188.61,1
50,914,922.68,74.387,61.188,178.86,1
50,914,955.55,70.759,72.131,190.86,1
50,915,903.2,74.148,67.943,183.27,1
50,915,944.68,72.632,77.483,193.89,1
50,916,888.07,80.797,72.941,188.47,1
50,916,941.48,74.756,77.026,197.82,1
50,917,879.99,80.66,75.837,194.92,1
50,917,939.32,77.155,76.265,202.78,1
50,918,871.6,80.641,78.467,202.19,1
50,918,937.24,80.105,75.504,208.89,1
50,919,862.24,82.926,80.769,210.3,1
50,919,934.96,82.896,75.048,216.33,1
50,920,853.9,86.241,82.982,219.42,1
50,920,931.35,84.767,77.96,225.34,1
50,921,849.24,87.925,85.235,229.66,1
50,921,926.83,86.315,84.558,235.54,1
50,922,843.68,89.501,87.704,241.31,1
50,922,922.46,88.16,91.631,246.81,1
50,923,827.29,91.564,90.845,255.32,1
50,923,919.02,90.7,98.252,259.47,1
50,924,821.2,92.894,95.196,268.47,1
50,924,914.87,93.815,105.7,274.04,1
50,925,802.82,97.155,100.62,283.14,1
50,925,906.88,97.456,114.99,290.22,1
50,926,783.25,103.55,106.94,297.8,1
50,926,895.15,101.63,125.69,307.94,1
50,927,774.9,110.86,114.46,310.92,1
50,927,881.85,106.25,135.7,327.62,1
50,928,756.52,116.77,121.22,330.08,1
50,928,869.14,111.26,142.9,349.67,1
50,929,735.89,122.69,129.17,353.57,1
50,929,857.12,116.76,146.45,375.6,1
50,930,722.29,130.04,142.69,381.33,1
50,930,845.32,123.41,150.39,407.31,1
50,931,695.61,143.95,138.83,415.03,1
50,931,836.05,132.26,160.14,450.84,1
50,932,660.41,153.75,148.46,443.14,1
50,932,827.23,142.89,177.1,501.79,1
50,933,631.66,164.57,166.03,475.08,1
50,933,813.64,153.82,200.44,545.41,1
50,934,563.35,189.65,184.63,530,1
50,934,779.32,164.76,244.98,575.32,1
50,935,522.09,209.01,204.15,591.49,1
50,935,737.81,188.8,277.99,611.7,1
50,936,475.83,238,236.12,562.5,1
50,936,689.5,227.73,302.14,572.77,1
50,937,354.69,277.1,275.6,523.4,1
50,937,673.05,254.97,343.08,545.53,1
50,938,231.32,331.29,321.17,469.21,1
50,938,624.44,300.17,387.61,500.33,1
50,939,111.02,397.34,347.79,403.16,1
50,939,587.26,388.15,445.2,412.35,1
50,940,0.5,477.95,262.33,322.55,1
50,940,412.95,505.44,539.9,295.06,1
50,941,83.179,651.56,377.67,148.94,1
50,973,979.38,71.138,61.244,166.81,1
50,974,934.47,62.183,78.262,180.12,1
50,975,905.89,58.158,77.576,190,1
50,976,891.99,82.603,78.125,174.07,1
50,977,874.26,88.576,85.794,177.61,1
50,978,860.98,91.963,94.157,184.6,1
50,979,857.21,94.662,95.638,193.83,1
50,980,854.41,97.094,112.73,204.64,1
50,981,850.77,100.07,91.866,214.75,1
50,982,842.65,105.16,97.362,222.48,1
50,983,834.86,107.92,122.06,232.89,1
50,984,827.36,112.91,121.26,245.22,1
50,985,820.15,119.12,120.45,260.1,1
50,986,813.3,124.68,121.92,279.31,1
50,987,806.7,130.15,125.9,302.43,1
50,988,800.19,136.74,131.75,327.95,1
50,989,793.61,145.69,138.82,354.39,1
50,990,786.94,162.97,151.62,383.07,1
50,991,769.37,174.93,164.51,429.36,1
50,992,738.38,188.39,179.76,480.55,1
50,993,676.21,214.91,203.15,522.79,1
50,994,585.38,254.97,296.01,545.53,1
50,995,494.99,314.45,400.69,486.05,1
50,996,352.65,384.33,359.3,416.17,1
50,997,201.58,489.86,347.05,310.64,1
50,998,0.5,675.39,205.17,125.11,1
50,1031,989.59,93.266,51.037,78.298,1
50,1032,969.67,67.49,64.834,185.78,1
50,1033,924.26,72.084,94.762,194,1
50,1034,924.26,79.124,79.463,199.67,1
50,1035,907.99,85.065,87.726,209.62,1
50,1036,898.05,87.814,90.808,223.63,1
50,1037,889.45,90.147,93.747,239.71,1
50,1038,879.75,93.405,100.58,256.32,1
50,1039,856.32,97.444,109.44,276.67,1
50,1040,842.61,103.14,118.41,308.43,1
50,1041,822.82,110.71,129.95,335.26,1
50,1042,797.32,118.9,141.24,364.15,1
50,1043,762.57,126.51,149.45,405.47,1
50,1044,728.49,140.37,180.94,451.61,1
50,1045,683.39,159.45,171.46,505.56,1
50,1046,611.64,183.94,237.09,586.78,1
50,1047,556.61,218.04,226.79,582.46,1
50,1048,402.24,265.92,346.45,534.58,1
50,1049,339.55,321.19,294.82,479.31,1
50,1050,89.304,423.39,453.21,377.11,1
50,1051,0.5,576.67,201.08,223.83,1
50,1126,101.55,401.35,447.08,399.15,1
50,1127,340.4,323.05,463.41,477.45,1
50,1128,568.26,249.9,319.26,550.6,1
50,1129,657.28,199.4,253.88,601.1,1
50,1130,727.38,163.21,209.14,527.5,1
50,1131,779.45,141.7,172.43,458.23,1
50,1132,832.4,125.37,153.36,400.84,1
50,1133,854.85,111.98,154.09,364.43,1
50,1134,860.98,105.64,173.65,334.86,1
50,1135,935.03,91.564,119.89,340.43,1
50,1136,956.93,135.3,100.18,302.52,1
50,1137,985.51,176.67,69.41,243.4,1
50,1191,87.262,583.48,249.06,217.02,1
50,1192,298.03,428.66,401.67,371.84,1
50,1193,396.9,336.28,343.14,462.02,1
50,1194,534.21,276.8,304.32,523.7,1
50,1195,600.74,240.86,221.45,546.87,1
50,1196,673.89,213.64,198.53,506.01,1
50,1197,718.79,196.94,185.31,468.85,1
50,1198,753.63,179.01,176.76,431.7,1
50,1199,778.43,159.65,172.43,394.58,1
50,1200,772.85,151.14,167.74,363.98,1
50,1201,802.75,146.8,148.06,350,1
50,1202,804.06,139.22,148.78,342.61,1
50,1203,803.32,140.31,147.4,339.88,1
50,1204,801.84,142.22,145.53,338.32,1
50,1205,799.89,144.38,144.59,337.16,1
50,1206,797.33,146.67,143.86,336.26,1
50,1207,794.66,147.73,143.56,335.9,1
50,1208,791.45,147.47,143.7,336.02,1
50,1209,787.74,146.88,144.02,336.28,1
50,1210,784.68,146.3,144.33,336.54,1
50,1211,783.4,146.03,144.48,336.66,1
50,1212,793.65,147.38,141.75,334.98,1
50,1213,812.69,150.62,136.7,330.97,1
50,1214,822.95,154.53,133.98,326.17,1
50,1215,818.11,159.65,140.86,320,1
50,1216,818.11,159.65,140.86,320,1
50,1217,820.06,153.69,140.66,324.26,1
50,1218,823.16,147.73,140.17,328.51,1
50,1219,825.35,147.9,139.07,328.46,1
50,1220,827.33,149.06,137.25,328.07,1
50,1221,829.27,150.29,135.03,327.66,1
50,1222,830.89,151.52,132.89,327.25,1
50,1223,831.99,152.46,131.29,326.93,1
50,1224,832.4,152.84,130.65,326.81,1
50,1225,830.47,146.03,130.65,334.18,1
50,1226,827.04,139.22,130.65,341.55,1
50,1227,823.26,146.88,130.65,334.18,1
50,1228,820.15,154.54,130.65,326.81,1
50,1229,818.57,154.28,130.65,326.81,1
50,1230,821.35,153.69,137.61,326.81,1
50,1231,816.73,153.09,135.63,326.81,1
50,1232,816.07,152.84,130.65,326.81,1
50,1233,830.36,152.84,116.36,326.81,1
50,1234,852.81,149.44,130.65,326.81,1
50,1235,883.71,133.72,158.96,325.45,1
50,1236,909.93,130.25,144.87,321.94,1
50,1237,932.07,129.01,129.79,314.16,1
50,1238,948.76,157.95,128.61,279.15,1
50,1395,760.95,122.2,87.783,255.32,1
50,1396,767.84,123.76,100.16,255.67,1
50,1397,758.39,121.92,104.63,256.03,1
50,1398,756.5,121.7,101.65,256.38,1
50,1399,755.84,121.63,91.866,256.74,1
50,1407,752.78,163.05,73.493,204.26,1
50,1408,755.3,127.31,97.509,246,1
50,1409,760.95,127.04,118.41,250.48,1
50,1410,761.88,124.93,131.63,255.19,1
50,1411,762.99,122.1,137.92,259.34,1
50,1412,808.16,120.5,105.9,262.13,1
50,1413,807.13,119.97,108.42,261.8,1
50,1414,805.16,119.67,110.93,261.18,1
50,1415,802.74,119.44,105.55,260.39,1
50,1416,800.08,119.27,100.17,259.51,1
50,1417,797.36,119.14,103.15,258.64,1
50,1418,794.77,119.02,108.67,257.78,1
50,1419,793.61,118.95,111.64,257.18,1
50,1420,804.26,118.92,101.17,256.89,1
50,1421,806.29,118.94,104.18,257.02,1
50,1422,807.37,119.01,111.36,257.46,1
50,1423,808.04,119.13,119.93,258.25,1
50,1424,808.89,119.33,127.11,259.47,1
50,1425,810.48,119.62,130.12,261.16,1
50,1426,814.45,123.98,129.96,272.26,1
50,1427,820.04,131.2,129.55,269.86,1
50,1428,825.21,135.94,128.65,267.47,1
50,1429,828.38,134.12,118.95,269.71,1
50,1430,830.74,130.03,109.85,273.68,1
50,1431,832.4,122.2,118.41,277.45,1
50,1432,828.26,123.37,117.7,275.06,1
50,1433,824.99,124.54,117.14,273.13,1
50,1434,823.24,125.71,116.84,271.91,1
50,1435,822.57,127.01,116.73,271.18,1
50,1436,822.1,128.32,116.65,270.64,1
50,1437,821.94,129.22,116.62,270.43,1
50,1438,824.26,129.68,117.01,273.79,1
50,1439,829.91,129.98,117.87,281.39,1
50,1439,597.63,147.73,118.41,393.19,1
50,1440,836.9,130.28,118.73,289.53,1
50,1440,621.76,146.03,139.19,388.09,1
50,1441,843.23,130.71,119.12,294.47,1
50,1441,625.4,147.3,192.71,387.16,1
50,1442,848.58,131.53,108.35,295.94,1
50,1442,627.51,149.48,231.19,386.65,1
50,1443,839.11,132.05,117.3,297.22,1
50,1443,631.09,150.93,250.3,386.14,1
50,1444,850.03,132.68,127.31,298.2,1
50,1444,733.58,130.13,200.89,385.26,1
50,1445,889.56,132.41,151.07,300.69,1
50,1445,788.13,123.9,168.8,365.95,1
50,1446,918.98,134.85,148.52,300.55,1
50,1446,836.66,117.38,201.93,356.45,1
50,1447,940.6,140.93,130.65,299.57,1
50,1447,876.24,113.69,166.43,348.21,1
50,1448,901.81,116.6,167.46,336.7,1
50,1449,934.9,124.77,148.56,323.28,1
50,1450,975.3,139.22,102.07,308.09,1
50,1675,987.55,69.436,51.037,187.23,1
50,1676,960.72,74.819,71.741,193.95,1
50,1677,933.5,77.799,79.879,202.29,1
50,1678,909.97,80.36,85.742,212.05,1
50,1679,893.48,83.362,91.899,222.92,1
50,1680,880.03,86.484,97.644,234.89,1
50,1681,867.41,89.77,103.44,248.34,1
50,1682,853.39,93.266,109.75,263.64,1
50,1683,838.28,96.748,116.72,282.71,1
50,1683,77.055,546.03,279.68,254.47,1
50,1684,820.05,101.27,124.63,305.19,1
50,1684,320.65,454.12,389.26,346.38,1
50,1685,791.51,109.85,134.44,330.65,1
50,1685,505.74,384.92,347.07,415.58,1
50,1686,750.51,118.8,126.8,339.3,1
50,1686,610.04,330.48,346.89,470.02,1
50,1687,713.06,128.94,156.08,328.58,1
50,1687,716.48,275.39,331.16,521.7,1
50,1688,669.54,142.51,146.53,434.16,1
50,1688,749.83,253.27,274.46,545.53,1
50,1689,613.66,161.1,208.53,483.66,1
50,1689,753.13,223.55,273.2,576.95,1
50,1690,563.5,180.07,195.4,546.38,1
50,1690,809.78,202.2,230.84,598.3,1
50,1691,490.36,211.31,258.33,589.19,1
50,1691,822.85,194.54,227.99,605.96,1
50,1692,417.76,245.34,239.07,555.16,1
50,1692,809.91,180.87,253.18,545.59,1
50,1693,262.39,281.03,353.61,519.47,1
50,1693,825.1,170.5,174.7,521.91,1
50,1694,169.15,354.64,299.86,445.86,1
50,1694,817.07,162.32,143.94,487.55,1
50,1695,0.5,454.12,294.99,346.38,1
50,1695,772.28,148.62,205.06,453.58,1
50,1696,781.84,140.25,177.13,427.48,1
50,1697,801.78,140.76,148.75,406.97,1
50,1698,805.86,134.62,184.8,372.26,1
50,1699,838.8,126.36,174.66,359.63,1
50,1700,875.27,118.8,159.23,350.64,1
50,1701,884.56,114.45,149.95,340.86,1
50,1702,889.99,111.34,120.01,331.74,1
50,1703,909.5,103.49,133.4,318.53,1
50,1704,891.79,105.98,146.79,303.4,1
50,1705,892.42,103.37,123.71,288.28,1
50,1706,893.09,100.72,105.14,273.64,1
50,1707,894.03,97.94,95.566,260.86,1
50,1708,897.24,94.382,95.691,250.85,1
50,1709,903.12,90.118,95.988,242.05,1
50,1710,909.72,86.009,96.343,234.09,1
50,1711,915.1,82.914,96.641,226.61,1
50,1712,917.32,81.691,96.766,219.23,1
50,1713,913.04,82.442,96.411,212.01,1
50,1714,908.75,83.192,95.683,205.46,1
50,1715,912.63,82.593,94.644,199.68,1
50,1716,916.51,81.284,93.252,194.59,1
50,1717,909.73,78.956,91.522,190.35,1
50,1718,920.67,75.616,85.183,186.42,1
50,1719,940.12,72.624,80.097,183.49,1
50,1720,958.97,71.138,81.659,182.13,1
50,1721,971.22,71.138,69.41,182.13,1
50,1745,0.5,489.86,229.67,310.64,1
50,1746,130.13,355.39,373.28,445.11,1
50,1747,346.38,280.5,339.03,520,1
50,1748,480.86,224.92,276,575.58,1
50,1749,586.3,189.48,237.93,564.21,1
50,1750,646.02,166.78,209.41,528.56,1
50,1751,717.88,152.77,185.95,478.04,1
50,1752,764.91,140.25,162.5,423.61,1
50,1753,799.31,128.79,149.45,376.39,1
50,1754,822.16,118.57,151.1,346.92,1
50,1755,840.02,109.33,142.81,323.32,1
50,1756,855.39,101.4,128.08,301.65,1
50,1757,872.04,95.335,111,278.78,1
50,1758,881.39,90.096,98.882,258.49,1
50,1759,875.27,85.271,97.092,244.04,1
50,1760,877.36,82.713,94.022,232.36,1
50,1761,883.88,80.417,89.746,221.15,1
50,1762,895.24,78.43,84.257,210.64,1
50,1763,911.81,76.802,77.547,201.07,1
50,1764,933.99,75.579,69.609,192.69,1
50,1765,962.17,74.81,60.435,185.73,1
50,1766,996.74,74.543,50.016,180.43,1
50,1785,840.56,81.351,73.493,180.43,1
50,1786,847.71,82.628,90.845,180.43,1
50,1787,878.47,80.666,89.884,180.43,1
50,1788,906.99,79.864,87.784,180.43,1
50,1788,838.52,86.457,71.451,178.72,1
50,1789,915.1,79.304,84.798,180.43,1
50,1789,855.71,86.457,80.506,178.72,1
50,1790,924.22,72.84,77.622,171.11,1
50,1790,870.88,86.457,71.755,178.72,1
50,1791,927.03,74.164,64.602,173.52,1
50,1791,895.68,86.457,84.318,178.72,1
50,1791,840.56,71.138,81.659,192.34,1
50,1792,922.67,76.437,69.048,177.67,1
50,1792,918.85,86.457,74.821,178.72,1
50,1792,868.18,71.138,70.377,180.43,1
50,1793,930.39,77.947,73.493,180.43,1
50,1793,927.85,86.457,71.451,178.72,1
50,1793,872.77,71.072,70.384,179.64,1
50,1794,933.72,77.947,73.493,180.43,1
50,1794,932.97,86.457,71.451,178.72,1
50,1794,885.64,69.219,70.402,179.2,1
50,1795,936.3,77.947,73.493,180.43,1
50,1795,937.01,86.457,71.451,178.72,1
50,1795,885.5,69.241,70.431,178.87,1
50,1795,840.56,71.138,85.742,192.34,1
50,1796,937.96,77.947,73.493,180.43,1
50,1796,940.17,86.457,71.451,178.72,1
50,1796,897.72,69.288,57.981,178.59,1
50,1796,855.72,71.138,84.617,197.03,1
50,1797,938.55,77.947,73.493,180.43,1
50,1797,942.64,86.457,71.451,178.72,1
50,1797,894.26,69.348,61.133,178.34,1
50,1797,864.57,71.138,77.324,201.25,1
50,1798,836.48,74.543,57.161,187.23,1
50,1798,944.63,86.457,70.32,178.72,1
50,1798,887.83,69.408,67.108,178.1,1
50,1798,871.71,71.138,70.927,205.1,1
50,1799,845.58,74.613,57.161,187.23,1
50,1799,945.92,86.457,68.616,178.72,1
50,1799,884.37,69.436,70.68,177.91,1
50,1799,878.75,71.138,71.83,208.5,1
50,1800,850.71,74.684,57.161,187.23,1
50,1800,946.46,86.457,67.624,178.72,1
50,1800,885.31,69.338,71.253,177.76,1
50,1800,896.38,71.138,83.006,211.84,1
50,1801,851.47,74.755,57.445,187.23,1
50,1801,945.44,86.457,68.575,178.72,1
50,1801,887.69,69.092,71.715,177.62,1
50,1801,913.81,71.138,76.299,214.62,1
50,1802,852.03,74.826,58.155,187.23,1
50,1802,942.64,86.457,71.451,178.72,1
50,1802,890.84,68.773,72.068,177.5,1
50,1802,921.95,71.138,77.958,216.78,1
50,1803,852.44,74.897,59.078,187.23,1
50,1803,894.08,68.453,72.317,177.39,1
50,1803,926.31,71.138,79.617,217.87,1
50,1804,852.72,74.968,60.001,187.23,1
50,1804,896.74,68.207,72.463,177.31,1
50,1804,928.31,71.138,79.617,217.87,1
50,1805,852.91,75.039,60.71,187.23,1
50,1805,898.15,68.109,72.511,177.23,1
50,1805,930.08,71.138,79.617,217.87,1
50,1806,853.06,75.11,60.994,187.23,1
50,1806,898.67,68.424,71.764,177.17,1
50,1806,931.61,71.138,79.617,217.87,1
50,1807,853.2,75.181,60.596,187.23,1
50,1807,899.12,69.175,69.982,177.12,1
50,1807,932.9,71.138,79.617,217.87,1
50,1808,853.31,75.252,59.645,187.23,1
50,1808,899.46,70.072,67.856,177.07,1
50,1808,933.94,71.138,79.617,217.87,1
50,1809,853.41,75.323,58.51,187.23,1
50,1809,899.69,70.823,66.074,177.03,1
50,1809,934.75,71.138,79.617,217.87,1
50,1810,853.47,75.394,57.56,187.23,1
50,1810,899.77,71.138,65.327,177.02,1
50,1810,935.34,71.138,79.617,217.87,1
50,1811,853.49,75.465,57.161,187.23,1
50,1811,899.77,71.138,65.327,177.02,1
50,1811,935.69,71.138,79.617,217.87,1
50,1812,853.49,75.535,57.294,187.23,1
50,1812,899.77,71.138,65.327,177.02,1
50,1812,935.81,71.138,79.617,217.87,1
50,1813,853.47,75.606,57.738,187.23,1
50,1813,899.77,71.138,65.327,177.02,1
50,1813,935.51,71.138,79.617,217.87,1
50,1814,853.45,75.677,58.563,187.23,1
50,1814,899.77,71.138,65.327,177.02,1
50,1814,934.74,71.138,79.617,217.87,1
50,1815,853.43,75.748,66.75,187.23,1
50,1815,899.77,71.138,65.327,177.02,1
50,1815,933.68,71.138,79.617,217.87,1
50,1816,853.4,75.819,76.986,187.23,1
50,1816,900.32,70.908,67.171,175.88,1
50,1816,932.52,71.138,79.617,217.87,1
50,1817,853.35,75.89,72.501,187.23,1
50,1817,900.76,70.723,68.648,174.96,1
50,1817,931.46,71.138,79.617,217.87,1
50,1818,853.28,75.961,63.979,187.23,1
50,1818,901.11,70.579,69.798,174.24,1
50,1818,930.69,71.138,79.617,217.87,1
50,1819,853.2,76.032,58.819,187.23,1
50,1819,901.37,70.471,70.662,173.7,1
50,1819,930.39,71.138,79.617,217.87,1
50,1820,853.06,76.119,57.939,187.23,1
50,1820,901.55,70.394,71.281,173.31,1
50,1820,930.39,71.138,79.617,217.87,1
50,1821,852.89,76.205,57.366,187.23,1
50,1821,901.68,70.342,71.696,173.05,1
50,1821,930.39,71.138,79.617,217.87,1
50,1822,852.81,76.245,57.161,187.23,1
50,1822,901.75,70.31,71.948,172.89,1
50,1822,930.39,71.138,79.617,217.87,1
50,1823,852.85,76.245,57.161,187.23,1
50,1823,901.79,70.294,72.077,172.8,1
50,1823,930.39,71.138,79.617,217.87,1
50,1824,852.95,76.245,57.161,187.23,1
50,1824,901.81,70.288,72.125,172.77,1
50,1824,930.39,71.138,79.617,217.87,1
50,1825,853.11,76.245,57.161,187.23,1
50,1825,901.81,70.287,72.132,172.77,1
50,1825,930.39,71.138,79.617,217.87,1
50,1826,853.31,76.245,57.161,187.23,1
50,1826,901.02,70.456,71.558,173.08,1
50,1826,930.39,71.138,79.617,217.87,1
50,1827,853.54,76.245,57.161,187.23,1
50,1827,899.55,70.768,70.15,173.84,1
50,1827,936.51,71.138,79.617,217.87,1
50,1828,853.78,76.245,57.161,187.23,1
50,1828,898.76,70.937,68.378,174.77,1
50,1828,934.98,71.138,79.617,217.87,1
50,1829,854,76.245,57.161,187.23,1
50,1829,902.99,69.599,65.022,176.38,1
50,1829,933.45,71.138,79.617,217.87,1
50,1830,969.18,71.138,65.327,183.83,1
50,1830,854.23,76.245,57.161,187.23,1
50,1830,907.23,68.262,62.565,177.54,1
50,1830,931.92,71.138,79.617,217.87,1
50,1831,968.91,71.221,65.327,183.83,1
50,1831,854.54,76.245,57.161,187.23,1
50,1831,907.23,68.262,62.565,177.54,1
50,1831,930.39,71.138,79.617,217.87,1
50,1832,971.63,71.439,61.771,183.83,1
50,1832,855.04,76.245,57.161,187.23,1
50,1832,907.23,68.262,62.565,177.54,1
50,1832,928.43,71.607,80.298,221.8,1
50,1833,976.67,71.807,55.167,183.83,1
50,1833,855.79,76.245,57.161,187.23,1
50,1833,907.23,68.262,62.565,177.54,1
50,1833,930.39,73.64,74.828,222.26,1
50,1834,979.38,72.262,51.611,183.83,1
50,1834,856.9,76.245,57.161,187.23,1
50,1834,901.95,74.543,95.805,222.98,1
50,1835,976.2,72.704,54.357,183.83,1
50,1835,877.31,71.138,57.161,187.23,1
50,1835,901.44,77.083,94.778,226.86,1
50,1836,968.47,73.337,60.15,183.83,1
50,1836,899.77,83.053,79.617,185.53,1
50,1836,887.01,81.05,93.231,233.43,1
50,1837,958.97,74.543,65.327,183.83,1
50,1837,875.27,83.053,77.576,211.06,1
50,1837,872.76,84.136,92.33,238.92,1
50,1838,945.81,83.017,68.514,186.18,1
50,1838,918.14,108.59,69.41,194.04,1
50,1838,854.85,76.245,69.41,217.87,1
50,1838,858.49,90.101,92.872,248.27,1
50,1839,926.75,87.886,71.075,192.47,1
50,1839,934.47,111.99,69.41,194.04,1
50,1839,854.85,76.245,69.41,217.87,1
50,1839,844.05,97.484,97.181,263.02,1
50,1840,914.28,91.914,73.618,200.79,1
50,1840,944.4,110.02,77.855,214.74,1
50,1840,832.45,85.325,81.609,208.79,1
50,1840,835.6,97.064,103.78,280.57,1
50,1841,907.67,95.213,76.052,211.73,1
50,1841,943.92,110.74,88.397,229.32,1
50,1841,837.15,78.414,68.347,237.83,1
50,1841,826.46,96.643,108.02,299.6,1
50,1842,902.9,98.042,78.472,225.11,1
50,1842,942.92,112.85,100.05,241.44,1
50,1842,822.45,85.12,77.669,227.72,1
50,1842,807.07,110.92,106,319.36,1
50,1843,901.07,100.15,81.145,239.2,1
50,1843,941.44,124.21,112.24,252.07,1
50,1843,809.23,91.479,98.703,241.79,1
50,1843,776.61,124.17,117.04,341.86,1
50,1844,904.02,101.45,84.386,253.95,1
50,1844,926.31,126.83,102.07,269.42,1
50,1844,796.68,97.663,106.88,259.43,1
50,1844,743.14,127.54,127.62,376.1,1
50,1845,885.68,105.14,88.691,269.7,1
50,1845,917.66,129.37,102.76,285.29,1
50,1845,778.17,105.48,112.26,292.78,1
50,1845,704.01,130.89,140.64,413.44,1
50,1846,879.29,114.01,93.863,285.9,1
50,1846,910.84,131.86,104.54,300.43,1
50,1846,765.77,111.47,116.75,314.55,1
50,1846,650.69,143.84,163.87,444.74,1
50,1847,863.74,126,99.805,302.11,1
50,1847,905.46,134.9,107.01,314.9,1
50,1847,754.81,116.88,121.32,333.08,1
50,1847,607.69,166.64,185.92,508.76,1
50,1848,842.37,136.81,106.9,317.7,1
50,1848,901.12,139.11,109.76,328.71,1
50,1848,741.39,122.55,127.75,353.69,1
50,1848,567.9,201.43,203.25,584.6,1
50,1849,818.72,142.88,118.84,330.97,1
50,1849,897.55,150.47,113.31,341.8,1
50,1849,715.7,129.71,143.38,385.51,1
50,1849,493.51,224.33,222.67,576.17,1
50,1850,792.91,147.55,132.65,343.53,1
50,1850,895.03,159.32,118.27,353.94,1
50,1850,681.75,137.91,163.15,425.44,1
50,1850,397.19,248.16,282.1,552.34,1
50,1851,770.71,152.95,139.26,359.04,1
50,1851,893.64,157.95,125.72,364.86,1
50,1851,641.49,147.15,180.7,464.72,1
50,1851,236.29,309.44,325.53,491.06,1
50,1852,754.82,160.57,133.33,382.65,1
50,1852,873.23,181.78,142.9,373.91,1
50,1852,593.66,158.17,190.48,494.58,1
50,1852,62.765,413.27,394,386.73,1
50,1853,707.36,169.86,140.49,392.74,1
50,1853,839.07,193.69,148.48,410.21,1
50,1853,558.94,170.93,210.17,533.4,1
50,1853,0.5,530.71,235.79,269.79,1
50,1854,669.08,180.07,161.28,451.06,1
50,1854,816.55,204.5,168.59,452.17,1
50,1854,503.1,198.71,257.85,601.79,1
50,1855,627.89,217.77,186.83,462.73,1
50,1855,794.22,227.34,201.01,509.33,1
50,1855,420.73,236.25,299.37,564.25,1
50,1856,583.96,236.54,209.65,535.88,1
50,1856,799.73,271.22,218.44,519.92,1
50,1856,314.46,283.16,335.62,517.34,1
50,1857,547.44,264.15,240.04,536.35,1
50,1857,773.02,331.56,260.87,468.94,1
50,1857,187.29,341.78,351.13,458.72,1
50,1858,457.26,309.27,275.14,491.23,1
50,1858,703.79,435.39,291.93,365.11,1
50,1858,13.77,430.29,351.13,370.21,1
50,1859,371.48,365.61,285.35,434.89,1
50,1859,481.27,585.18,291.93,215.32,1
50,1860,164.84,451.62,402.17,348.88,1
50,1861,0.5,568.16,401.15,232.34,1
50,1893,1.5207,654.97,181.69,145.53,1
50,1894,169.79,463.49,405.38,337.01,1
50,1895,358.58,329.42,333.91,471.08,1
50,1896,485.88,256.3,252.61,544.2,1
50,1897,575.49,210.7,215.65,503.71,1
50,1898,650.71,177.19,185.77,440.33,1
50,1899,718.68,153.41,148.42,398.54,1
50,1900,751.79,136.46,151.17,346.3,1
50,1901,766.27,127.36,153.91,311.43,1
50,1902,768.22,118.76,132.72,287.63,1
50,1903,769.93,113.69,107.38,276.01,1
50,1904,773.2,111.67,105.17,277.5,1
50,1905,796.74,110.84,95.638,279.74,1
50,1906,810.83,112.41,93.016,281.05,1
50,1907,807.66,113.42,95.383,280.83,1
50,1908,801.04,114.2,100.1,280.34,1
50,1909,792.75,114.85,105.27,279.62,1
50,1910,784.68,115.38,109.59,278.75,1
50,1911,777.28,115.81,111.93,277.59,1
50,1912,771.81,116.16,110.82,275.8,1
50,1913,766.78,127.31,126.87,262.48,1
50,1914,762.74,126.47,126.21,262.24,1
50,1915,759.4,124.28,124.03,262.16,1
50,1916,756.86,117.1,81.659,262.13,1
50,2034,97.47,534.12,308.26,266.38,1
50,2035,343.67,414.42,394.82,386.08,1
50,2036,523.86,332.87,338.2,465.74,1
50,2037,641.68,269.39,260.13,528.56,1
50,2038,687.45,221.13,226.87,579.37,1
50,2039,727.37,187.49,194.39,501.52,1
50,2040,755.87,167.34,170.26,443.29,1
50,2041,789.5,153.25,150.16,396.51,1
50,2042,826.21,141.26,133.9,358.81,1
50,2043,865.35,129.98,122.86,332.4,1
50,2044,883.43,122.44,112.85,310.02,1
50,2045,915.2,111.41,100.93,288.24,1
50,2046,919.76,106.83,93.542,263.46,1
50,2047,922.06,103.82,87.84,238.21,1
50,2048,924.26,100.17,84.639,219.34,1
50,2049,926.35,93.116,83.575,208.12,1
50,2050,928.35,84.961,82.968,199.54,1
50,2051,932.43,81.054,81.659,190.94,1
50,2052,965.39,82.173,73.198,181.43,1
50,2053,1010,86.457,30.622,171.91,1
50,2069,0.5,602.2,31.643,166.81,1
50,2070,8.2283,452.81,256.64,347.69,1
50,2070,1.5207,651.56,214.35,148.94,1
50,2071,115.04,376.22,196.79,404.7,1
50,2071,152.15,506.88,343.41,293.62,1
50,2072,270.85,324.43,242.59,472.67,1
50,2072,403.18,360.49,455.76,440.01,1
50,2073,375.87,285.44,252.38,515.06,1
50,2073,545.02,313.61,356.79,486.89,1
50,2074,433.73,254.46,232.55,546.04,1
50,2074,611.31,252.04,323.16,548.46,1
50,2075,519.3,226.03,208.98,574.47,1
50,2075,699.55,210.52,282.98,589.98,1
50,2076,553.89,206.14,237.68,557.29,1
50,2076,728.49,201.18,250.9,599.32,1
50,2077,585.85,196.06,220.01,521.61,1
50,2077,749.96,175.03,226.45,588.87,1
50,2078,609.15,168.16,223.24,486.01,1
50,2078,802.02,152.74,206.4,526.06,1
50,2079,639.9,157.8,192.49,437.59,1
50,2079,813.9,151.88,188.36,501.39,1
50,2080,675.56,146.03,187.46,398.29,1
50,2080,808.84,136.63,172.5,461.21,1
50,2081,697.36,141.34,171.78,392.78,1
50,2081,841.38,125.69,158.77,436.09,1
50,2082,726.49,133.52,150.82,369.17,1
50,2082,851.64,123.54,148.16,415.69,1
50,2083,750.93,125.61,154.96,341.19,1
50,2083,844.08,116.09,139.78,368.67,1
50,2084,754.7,117.91,145.06,323.26,1
50,2084,869.71,114.25,132.49,361.99,1
50,2085,770.4,112.77,136.75,308.27,1
50,2085,888.69,108.86,126,343.98,1
50,2086,788.36,108.53,129.55,295.34,1
50,2086,900.71,102.35,120.7,322.83,1
50,2087,790.75,102.86,123.23,284.03,1
50,2087,913.62,100.52,116.49,312.75,1
50,2088,815.72,101.45,117.35,273.5,1
50,2088,924.62,92.783,113.06,292.16,1
50,2089,820.34,100.46,111.73,263.46,1
50,2089,917.17,91.876,110.35,282.24,1
50,2090,830.9,99.084,106.38,253.92,1
50,2090,914.06,86.457,108.2,272.34,1
50,2091,832.91,95.893,101.33,244.93,1
50,2091,929.35,82.807,94.949,255.57,1
50,2092,824.23,90.466,106.31,236.27,1
50,2092,922.04,80.079,90.09,242.86,1
50,2093,834.44,83.053,91.866,228.09,1
50,2093,924.45,81.336,87.227,232.74,1
50,2094,840.15,81.564,91.866,220.26,1
50,2094,934.47,76.245,85.742,224.68,1
50,2095,844.86,80.689,91.866,212.67,1
50,2095,934.67,76.887,83.212,216.72,1
50,2096,850.77,79.746,91.866,205.34,1
50,2096,934.82,77.993,79.672,208.84,1
50,2097,856.42,77.644,84.377,198.28,1
50,2097,938.37,72.236,75.012,201.03,1
50,2098,877.81,74.819,77.079,191.45,1
50,2098,945.78,76.691,69.396,193.26,1
50,2099,904.15,72.154,62.981,185.03,1
50,2099,944.68,71.138,75.854,194.02,1
50,2100,919.8,70.478,79.999,179.38,1
50,2100,965.51,71.986,68.501,187.2,1
50,2101,960.68,72.589,73.792,173.3,1
50,2101,995.72,83.053,46.954,170.21,1
50,2102,997.76,72.84,48.995,166.81,1
50,2176,0.5,609.01,96.97,191.49,1
50,2177,78.892,477.95,298.26,322.55,1
50,2178,167.57,382.86,344.31,417.64,1
50,2179,167.74,388.33,301.28,412.17,1
50,2180,116.18,382.23,234.43,418.27,1
50,2181,116.86,438.8,192.92,361.7,1
