58,0,150.79,364.01,310.71,436.49,1
58,1,150.79,364.01,310.71,436.49,1
58,2,150.79,364.01,310.71,436.49,1
58,3,150.79,364.01,310.71,436.49,1
58,4,150.79,364.01,310.71,436.49,1
58,5,150.79,364.01,310.71,436.49,1
58,6,150.79,364.01,310.71,436.49,1
58,7,150.79,364.01,310.71,436.49,1
58,8,150.79,364.01,310.71,436.49,1
58,9,150.79,364.01,310.71,436.49,1
58,10,150.79,364.01,310.71,436.49,1
58,11,150.79,364.01,310.71,436.49,1
58,12,150.79,364.01,310.71,436.49,1
58,13,150.79,364.01,310.71,436.49,1
58,14,150.79,364.01,310.71,436.49,1
58,15,150.79,364.01,310.71,436.49,1
58,16,150.79,364.01,310.71,436.49,1
58,17,150.79,364.01,310.71,436.49,1
58,18,150.79,364.01,310.71,436.49,1
58,19,150.79,364.01,310.71,436.49,1
58,20,150.79,364.01,310.71,436.49,1
58,21,150.79,364.01,310.71,436.49,1
58,22,150.79,364.01,310.71,436.49,1
58,23,150.79,364.01,310.71,436.49,1
58,24,150.79,364.01,310.71,436.49,1
58,25,150.79,364.01,310.71,436.49,1
58,26,150.79,364.01,310.71,436.49,1
58,27,150.79,364.01,310.71,436.49,1
58,28,150.79,364.01,310.71,436.49,1
58,29,150.79,364.01,310.71,436.49,1
58,30,150.79,364.01,310.71,436.49,1
58,31,150.79,364.01,310.71,436.49,1
58,32,150.79,349.97,310.71,450.53,1
58,33,150.79,349.97,310.71,450.53,1
58,34,150.79,349.97,310.71,450.53,1
58,35,150.79,349.97,310.71,450.53,1
58,36,150.79,349.97,310.71,450.53,1
58,37,150.79,349.97,310.71,450.53,1
58,38,150.79,349.97,310.71,450.53,1
58,39,150.79,349.97,310.71,450.53,1
58,40,150.79,349.97,310.71,450.53,1
58,41,150.79,349.97,310.71,450.53,1
58,42,150.79,349.97,310.71,450.53,1
58,43,150.79,349.97,310.71,450.53,1
58,44,150.79,349.97,310.71,450.53,1
58,45,150.79,307.87,310.71,492.63,1
58,46,150.79,307.87,310.71,492.63,1
58,47,133.9,319.1,327.6,481.4,1
58,48,160.92,319.1,300.58,481.4,1
58,49,160.92,319.1,300.58,481.4,1
58,50,160.92,319.1,300.58,481.4,1
58,51,160.92,319.1,300.58,481.4,1
58,52,160.92,319.1,300.58,481.4,1
58,53,160.92,319.1,300.58,481.4,1
58,54,160.92,319.1,300.58,481.4,1
58,55,160.92,319.1,300.58,481.4,1
58,56,160.92,319.1,300.58,481.4,1
58,57,160.92,319.1,300.58,481.4,1
58,58,160.92,319.1,300.58,481.4,1
58,59,160.92,319.1,300.58,481.4,1
58,60,160.92,319.1,300.58,481.4,1
58,61,160.92,319.1,300.58,481.4,1
58,62,160.92,319.1,300.58,481.4,1
58,63,160.92,319.1,300.58,481.4,1
58,64,160.92,319.1,300.58,481.4,1
58,65,160.92,319.1,300.58,481.4,1
58,66,160.92,319.1,300.58,481.4,1
58,67,160.92,319.1,300.58,481.4,1
58,68,160.92,319.1,300.58,481.4,1
58,69,133.9,319.1,327.6,481.4,1
58,70,106.89,319.1,354.62,481.4,1
58,71,83.244,319.1,391.77,481.4,1
58,72,83.244,319.1,391.77,481.4,1
58,73,83.244,319.1,391.77,481.4,1
58,74,83.244,319.1,391.77,481.4,1
58,75,83.244,319.1,391.77,481.4,1
58,76,83.244,319.1,354.62,481.4,1
58,77,83.244,319.1,334.35,481.4,1
58,78,83.244,319.1,283.69,481.4,1
58,79,120.39,361.2,314.09,439.3,1
58,80,252.11,361.2,290.45,439.3,1
58,81,471.63,406.11,290.45,394.39,1
58,82,775.59,414.54,273.56,385.96,1
58,83,995.12,403.31,273.56,397.19,1
58,296,1069.4,313.48,211.08,487.02,1
58,297,860.03,321.9,391.77,478.6,1
58,298,586.46,341.55,493.09,458.95,1
58,299,329.79,364.01,520.11,436.49,1
58,300,255.49,386.46,536.99,414.04,1
58,300,1001.9,386.46,278.63,414.04,1
58,301,201.45,394.89,564.01,405.61,1
58,301,941.08,341.55,339.42,458.95,1
58,302,269,394.89,496.46,405.61,1
58,302,924.19,335.94,356.31,464.56,1
58,303,221.71,394.89,513.35,405.61,1
58,303,900.55,313.48,379.95,487.02,1
58,304,164.3,394.89,493.09,405.61,1
58,304,900.55,319.1,379.95,481.4,1
58,305,73.112,698.04,371.5,102.46,1
58,305,887.04,307.87,393.46,492.63,1
58,306,890.42,305.06,390.08,495.44,1
58,307,822.87,307.87,457.63,492.63,1
58,308,708.05,316.29,459.31,484.21,1
58,308,1096.4,476.29,184.06,324.21,1
58,309,572.95,335.94,493.09,464.56,1
58,309,1069.4,448.22,211.08,352.28,1
58,310,427.73,299.45,428.92,501.05,1
58,310,863.4,414.54,417.1,385.96,1
58,311,417.6,276.99,415.41,523.51,1
58,311,762.08,411.73,518.42,388.77,1
58,312,437.86,268.57,395.15,531.93,1
58,312,657.39,406.11,449.18,394.39,1
58,313,370.32,248.92,357.99,551.58,1
58,313,576.33,335.94,449.18,464.56,1
58,314,272.37,262.96,310.71,537.54,1
58,314,512.16,341.55,449.18,458.95,1
58,315,140.66,305.06,310.71,495.44,1
58,315,420.97,361.2,449.18,439.3,1
58,316,12.321,321.9,368.13,478.6,1
58,316,387.2,355.59,432.3,444.91,1
58,317,0.5,330.32,227.97,470.18,1
58,317,387.2,355.59,408.65,444.91,1
58,318,0.5,330.32,227.97,470.18,1
58,318,387.2,355.59,408.65,444.91,1
58,319,0.5,330.32,227.97,470.18,1
58,319,387.2,344.36,408.65,456.14,1
58,320,0.5,330.32,244.85,470.18,1
58,320,387.2,344.36,408.65,456.14,1
58,321,0.5,330.32,265.12,470.18,1
58,321,387.2,344.36,408.65,456.14,1
58,322,0.5,330.32,265.12,470.18,1
58,322,387.2,344.36,408.65,456.14,1
58,323,0.5,319.1,332.66,481.4,1
58,323,326.41,344.36,452.56,456.14,1
58,324,0.5,319.1,332.66,481.4,1
58,324,326.41,344.36,452.56,456.14,1
58,325,0.5,335.94,332.66,464.56,1
58,325,360.18,344.36,418.79,456.14,1
58,326,0.5,431.38,241.48,369.12,1
58,326,333.16,352.78,395.15,447.72,1
58,327,0.5,524.01,140.16,276.49,1
58,327,214.96,408.92,405.28,391.58,1
58,328,49.471,465.06,452.56,335.44,1
58,329,0.5,515.59,349.55,284.91,1
58,330,0.5,684.01,157.04,116.49,1
58,439,0.5,518.39,200.95,282.11,1
58,440,0.5,493.13,356.31,307.37,1
58,441,108.57,453.83,312.4,346.67,1
58,442,343.3,380.85,246.54,419.65,1
58,443,532.43,316.29,300.58,484.21,1
58,444,643.88,285.41,273.56,515.09,1
58,445,691.16,251.73,209.39,548.77,1
58,446,664.14,237.69,236.41,562.81,1
58,447,572.95,251.73,249.92,548.77,1
58,448,512.16,232.08,256.68,568.42,1
58,449,468.26,218.04,260.05,582.46,1
58,450,451.37,218.04,236.41,582.46,1
58,451,451.37,218.04,222.9,582.46,1
58,452,451.37,218.04,280.32,582.46,1
58,453,508.78,279.8,263.43,520.7,1
58,454,539.18,293.83,263.43,506.67,1
58,455,508.78,319.1,293.83,481.4,1
58,456,508.78,319.1,293.83,481.4,1
58,457,508.78,319.1,293.83,481.4,1
58,458,502.03,293.83,300.58,506.67,1
58,459,522.29,260.15,347.86,540.35,1
58,460,532.43,251.73,307.34,548.77,1
58,461,508.78,251.73,344.49,548.77,1
58,462,562.82,260.15,290.45,540.35,1
58,463,562.82,305.06,273.56,495.44,1
58,464,542.56,358.39,320.84,442.11,1
58,465,593.22,422.96,351.24,377.54,1
58,466,572.95,495.94,371.5,304.56,1
58,467,512.16,580.15,388.39,220.35,1
58,468,437.86,695.24,361.37,105.26,1
58,469,404.09,745.76,317.47,54.737,1
58,470,356.81,720.5,303.96,80,1
58,471,319.66,731.73,303.96,68.772,1
58,472,316.28,740.15,303.96,60.351,1
58,473,366.94,765.41,253.3,35.088,1
58,631,0.5,434.18,180.69,366.32,1
58,632,171.05,319.1,307.34,481.4,1
58,633,410.84,237.69,361.37,562.81,1
58,634,569.58,184.36,496.46,616.14,1
58,635,681.03,159.1,385.01,641.4,1
58,636,657.39,128.22,334.35,672.28,1
58,637,691.16,111.38,287.07,670.88,1
58,638,724.93,88.921,253.3,600.7,1
58,639,755.33,80.5,239.79,583.86,1
58,640,755.33,66.465,209.39,533.33,1
58,641,785.72,63.658,179,508.07,1
58,642,822.87,46.816,185.75,465.96,1
58,643,822.87,46.816,185.75,482.81,1
58,644,816.12,46.816,192.51,460.35,1
58,645,789.1,46.816,185.75,418.25,1
58,646,778.97,32.781,145.22,421.05,1
58,647,728.31,32.781,151.98,395.79,1
58,648,681.03,32.781,165.49,395.79,1
58,649,620.24,32.781,165.49,395.79,1
58,650,559.44,46.816,175.62,401.4,1
58,651,522.29,46.816,124.96,418.25,1
58,652,481.77,46.816,145.22,435.09,1
58,653,434.48,69.272,151.98,440.7,1
58,654,383.82,69.272,185.75,477.19,1
58,655,350.05,88.921,175.62,496.84,1
58,656,350.05,88.921,175.62,524.91,1
58,657,350.05,105.76,195.88,578.25,1
58,658,350.05,105.76,212.77,583.86,1
58,659,350.05,105.76,314.09,603.51,1
58,660,420.97,119.8,266.81,600.7,1
58,661,451.37,119.8,263.43,680.7,1
58,662,478.39,139.45,266.81,661.05,1
58,663,454.75,161.9,324.22,638.6,1
58,664,495.28,178.75,317.47,621.75,1
58,665,485.14,178.75,395.15,621.75,1
58,666,400.71,246.11,459.31,554.39,1
58,667,366.94,319.1,557.26,481.4,1
58,668,407.47,335.94,570.77,464.56,1
58,669,387.2,349.97,550.5,450.53,1
58,670,387.2,386.46,459.31,414.04,1
58,671,387.2,386.46,452.56,414.04,1
58,672,407.47,364.01,482.96,436.49,1
58,673,434.48,364.01,455.94,436.49,1
58,674,420.97,364.01,398.52,436.49,1
58,675,333.16,358.39,398.52,436.49,1
58,676,218.34,397.69,455.94,402.81,1
58,677,76.489,479.1,455.94,321.4,1
58,678,0.5,574.54,390.08,223.16,1
58,679,0.5,731.73,109.76,65.965,1
58,692,0.5,582.96,143.54,217.54,1
58,693,0.5,512.78,197.57,287.72,1
58,694,57.914,411.73,477.89,388.77,1
58,695,167.68,355.59,442.43,444.91,1
58,696,296.01,288.22,368.13,512.28,1
58,697,393.96,243.31,357.99,557.19,1
58,698,498.65,201.2,385.01,599.3,1
58,699,535.8,181.55,347.86,618.95,1
58,700,535.8,170.32,347.86,630.18,1
58,701,535.8,159.1,327.6,641.4,1
58,702,535.8,139.45,303.96,661.05,1
58,703,535.8,122.61,303.96,634.39,1
58,704,464.88,122.61,276.94,634.39,1
58,705,404.09,133.83,263.43,666.67,1
58,706,366.94,142.25,300.58,658.25,1
58,707,366.94,142.25,300.58,658.25,1
58,708,393.96,142.25,273.56,658.25,1
58,709,393.96,142.25,273.56,658.25,1
58,710,393.96,142.25,273.56,658.25,1
58,711,393.96,142.25,273.56,658.25,1
58,712,393.96,142.25,273.56,658.25,1
58,713,393.96,142.25,273.56,658.25,1
58,714,393.96,142.25,273.56,658.25,1
58,715,393.96,142.25,273.56,658.25,1
58,716,393.96,142.25,273.56,658.25,1
58,717,393.96,142.25,273.56,658.25,1
58,718,393.96,142.25,273.56,658.25,1
58,719,393.96,142.25,273.56,658.25,1
58,720,393.96,142.25,273.56,658.25,1
58,721,393.96,142.25,273.56,658.25,1
58,722,393.96,142.25,273.56,658.25,1
58,723,393.96,142.25,273.56,658.25,1
58,724,393.96,142.25,273.56,658.25,1
58,725,393.96,142.25,273.56,658.25,1
58,726,393.96,142.25,273.56,658.25,1
58,727,393.96,142.25,273.56,658.25,1
58,728,393.96,142.25,273.56,658.25,1
58,729,393.96,142.25,273.56,658.25,1
58,730,393.96,142.25,273.56,658.25,1
58,731,393.96,142.25,273.56,658.25,1
58,732,393.96,142.25,273.56,658.25,1
58,733,393.96,142.25,273.56,658.25,1
58,734,393.96,142.25,273.56,658.25,1
58,735,387.2,142.25,280.32,658.25,1
58,736,383.82,142.25,283.69,658.25,1
58,737,377.07,142.25,290.45,658.25,1
58,738,380.45,142.25,287.07,658.25,1
58,739,377.07,142.25,290.45,658.25,1
58,740,380.45,142.25,287.07,658.25,1
58,741,380.45,142.25,287.07,658.25,1
58,742,380.45,142.25,287.07,658.25,1
58,743,380.45,142.25,287.07,658.25,1
58,744,380.45,142.25,287.07,658.25,1
58,745,380.45,142.25,287.07,658.25,1
58,746,380.45,142.25,287.07,658.25,1
58,747,380.45,142.25,287.07,658.25,1
58,748,380.45,142.25,287.07,658.25,1
58,749,380.45,142.25,287.07,658.25,1
58,750,380.45,142.25,287.07,658.25,1
58,751,380.45,142.25,287.07,658.25,1
58,752,380.45,142.25,287.07,658.25,1
58,753,380.45,142.25,287.07,658.25,1
58,754,380.45,142.25,287.07,658.25,1
58,755,380.45,142.25,287.07,658.25,1
58,756,380.45,142.25,287.07,658.25,1
58,757,380.45,142.25,287.07,658.25,1
58,758,380.45,142.25,287.07,658.25,1
58,759,380.45,142.25,287.07,658.25,1
58,760,380.45,142.25,287.07,658.25,1
58,761,380.45,142.25,287.07,658.25,1
58,762,380.45,142.25,287.07,658.25,1
58,763,380.45,142.25,287.07,658.25,1
58,764,380.45,142.25,287.07,658.25,1
58,765,380.45,142.25,287.07,658.25,1
58,766,380.45,142.25,287.07,658.25,1
58,767,380.45,142.25,287.07,658.25,1
58,768,380.45,142.25,287.07,658.25,1
58,769,380.45,142.25,287.07,658.25,1
58,770,380.45,142.25,310.71,658.25,1
58,771,380.45,142.25,297.2,658.25,1
58,772,380.45,142.25,297.2,658.25,1
58,773,380.45,142.25,297.2,658.25,1
58,774,380.45,142.25,297.2,658.25,1
58,775,380.45,142.25,297.2,658.25,1
58,776,380.45,142.25,297.2,658.25,1
58,777,380.45,142.25,297.2,658.25,1
58,778,400.71,142.25,276.94,658.25,1
58,779,404.09,142.25,273.56,658.25,1
58,780,397.33,142.25,280.32,658.25,1
58,781,393.96,142.25,283.69,658.25,1
58,782,393.96,142.25,283.69,658.25,1
58,783,393.96,142.25,283.69,658.25,1
58,784,393.96,142.25,283.69,658.25,1
58,785,393.96,142.25,283.69,658.25,1
58,786,393.96,142.25,283.69,658.25,1
58,787,393.96,142.25,283.69,658.25,1
58,788,393.96,142.25,283.69,658.25,1
58,789,393.96,142.25,283.69,658.25,1
58,790,393.96,142.25,283.69,658.25,1
58,791,393.96,142.25,283.69,658.25,1
58,792,393.96,142.25,283.69,658.25,1
58,793,393.96,142.25,283.69,658.25,1
58,794,387.2,142.25,290.45,658.25,1
58,795,387.2,142.25,290.45,658.25,1
58,796,387.2,142.25,290.45,658.25,1
58,797,377.07,142.25,300.58,658.25,1
58,798,377.07,142.25,300.58,658.25,1
58,799,377.07,142.25,300.58,658.25,1
58,800,377.07,142.25,300.58,658.25,1
58,801,377.07,142.25,300.58,658.25,1
58,802,377.07,142.25,300.58,658.25,1
58,803,377.07,142.25,300.58,658.25,1
58,804,377.07,142.25,300.58,658.25,1
58,805,377.07,142.25,300.58,658.25,1
58,806,377.07,142.25,300.58,658.25,1
58,807,377.07,142.25,300.58,658.25,1
58,808,377.07,142.25,300.58,658.25,1
58,809,377.07,142.25,300.58,658.25,1
58,810,377.07,142.25,300.58,658.25,1
58,811,377.07,142.25,300.58,658.25,1
58,812,377.07,142.25,300.58,658.25,1
58,813,377.07,142.25,300.58,658.25,1
58,814,377.07,142.25,300.58,658.25,1
58,815,377.07,142.25,300.58,658.25,1
58,816,377.07,142.25,300.58,658.25,1
58,817,377.07,142.25,300.58,658.25,1
58,818,377.07,142.25,300.58,658.25,1
58,819,377.07,142.25,300.58,658.25,1
58,820,377.07,156.29,300.58,644.21,1
58,821,339.92,156.29,364.75,644.21,1
58,822,360.18,167.52,368.13,632.98,1
58,823,424.35,161.9,303.96,638.6,1
58,824,424.35,161.9,303.96,638.6,1
58,825,400.71,161.9,327.6,638.6,1
58,826,400.71,161.9,327.6,638.6,1
58,827,400.71,161.9,327.6,638.6,1
58,828,400.71,161.9,327.6,638.6,1
58,829,407.47,175.94,320.84,624.56,1
58,830,407.47,175.94,320.84,624.56,1
58,831,407.47,175.94,320.84,624.56,1
58,832,407.47,175.94,320.84,624.56,1
58,833,407.47,175.94,320.84,624.56,1
58,834,407.47,175.94,320.84,624.56,1
58,835,407.47,175.94,320.84,624.56,1
58,836,407.47,175.94,320.84,624.56,1
58,837,407.47,175.94,320.84,624.56,1
58,838,407.47,175.94,320.84,624.56,1
58,839,407.47,175.94,320.84,624.56,1
58,840,407.47,175.94,320.84,624.56,1
58,841,407.47,175.94,320.84,624.56,1
58,842,407.47,175.94,320.84,624.56,1
58,843,407.47,175.94,320.84,624.56,1
58,844,407.47,175.94,320.84,624.56,1
58,845,407.47,175.94,320.84,624.56,1
58,846,407.47,175.94,320.84,624.56,1
58,847,407.47,175.94,320.84,624.56,1
58,848,407.47,175.94,320.84,624.56,1
58,849,407.47,175.94,320.84,624.56,1
58,850,407.47,175.94,320.84,624.56,1
58,851,407.47,175.94,320.84,624.56,1
58,852,407.47,175.94,320.84,624.56,1
58,853,407.47,175.94,320.84,624.56,1
58,854,407.47,175.94,320.84,624.56,1
58,855,407.47,175.94,320.84,624.56,1
58,856,407.47,175.94,320.84,624.56,1
58,857,407.47,175.94,320.84,624.56,1
58,858,407.47,175.94,320.84,624.56,1
58,859,407.47,175.94,320.84,624.56,1
58,860,400.71,164.71,327.6,635.79,1
58,861,400.71,164.71,327.6,635.79,1
58,862,400.71,164.71,327.6,635.79,1
58,863,400.71,164.71,327.6,635.79,1
58,864,400.71,164.71,327.6,635.79,1
58,865,400.71,164.71,327.6,635.79,1
58,866,400.71,164.71,327.6,635.79,1
58,867,400.71,164.71,327.6,635.79,1
58,868,400.71,164.71,327.6,635.79,1
58,869,400.71,164.71,327.6,635.79,1
58,870,400.71,164.71,327.6,635.79,1
58,871,461.5,164.71,266.81,635.79,1
58,872,508.78,198.39,293.83,602.11,1
58,873,583.09,234.89,368.13,565.61,1
58,874,826.25,265.76,381.64,534.74,1
58,875,1015.4,493.13,265.12,307.37,1
58,917,150.79,664.36,212.77,136.14,1
58,918,103.51,459.45,351.24,341.05,1
58,919,103.51,414.54,442.43,385.96,1
58,920,218.34,406.11,452.56,394.39,1
58,921,296.01,372.43,415.41,428.07,1
58,922,353.43,324.71,412.03,475.79,1
58,923,387.2,307.87,401.9,492.63,1
58,924,387.2,307.87,408.65,492.63,1
58,925,363.56,307.87,432.3,492.63,1
58,926,323.03,330.32,476.2,470.18,1
58,927,339.92,330.32,459.31,470.18,1
58,928,339.92,330.32,459.31,470.18,1
58,929,326.41,330.32,472.82,470.18,1
58,930,326.41,330.32,472.82,470.18,1
58,931,326.41,330.32,472.82,470.18,1
58,932,387.2,330.32,412.03,470.18,1
58,933,387.2,330.32,398.52,470.18,1
58,934,387.2,330.32,398.52,470.18,1
58,935,387.2,330.32,398.52,470.18,1
58,936,387.2,330.32,398.52,470.18,1
58,937,387.2,330.32,388.39,470.18,1
58,937,93.376,302.25,283.69,498.25,1
58,938,326.41,349.97,408.65,450.53,1
58,938,164.3,243.31,212.77,557.19,1
58,939,171.05,392.08,455.94,408.42,1
58,939,269,195.59,212.77,557.19,1
58,940,93.376,392.08,469.45,408.42,1
58,940,363.56,145.06,206.02,538.95,1
58,941,110.26,417.34,452.56,383.16,1
58,941,434.48,116.99,172.24,552.98,1
58,942,110.26,425.76,452.56,374.74,1
58,942,417.6,116.99,189.13,522.11,1
58,943,110.26,448.22,462.69,352.28,1
58,943,420.97,108.57,185.75,522.11,1
58,944,110.26,453.83,452.56,346.67,1
58,944,417.6,116.99,189.13,505.26,1
58,945,89.999,462.25,472.82,338.25,1
58,945,417.6,116.99,189.13,505.26,1
58,946,89.999,470.68,455.94,329.82,1
58,946,417.6,116.99,182.37,499.65,1
58,947,79.867,467.87,452.56,332.63,1
58,947,373.69,116.99,209.39,485.61,1
58,948,59.603,481.9,445.8,318.6,1
58,948,336.54,131.03,182.37,522.11,1
58,949,35.962,456.64,459.31,343.86,1
58,949,312.9,147.87,179,538.95,1
58,950,0.5,448.22,440.74,352.28,1
58,950,262.24,175.94,219.53,533.33,1
58,951,0.5,453.83,406.97,346.67,1
58,951,160.92,204.01,283.69,530.53,1
58,952,0.5,490.32,356.31,310.18,1
58,952,100.13,223.66,263.43,533.33,1
58,953,0.5,521.2,298.89,279.3,1
58,953,46.094,246.11,270.18,524.91,1
58,954,0.5,554.89,312.4,245.61,1
58,954,0.5,274.18,248.23,524.91,1
58,955,0.5,554.89,322.53,245.61,1
58,955,0.5,274.18,200.95,524.91,1
58,956,0.5,585.76,309.02,214.74,1
58,956,0.5,274.18,200.95,524.91,1
58,957,0.5,580.15,268.5,220.35,1
58,957,0.5,274.18,180.69,524.91,1
58,958,0.5,594.18,251.61,206.32,1
58,958,0.5,274.18,180.69,524.91,1
58,959,0.5,582.96,258.36,217.54,1
58,959,0.5,274.18,197.57,524.91,1
58,960,0.5,563.31,295.51,237.19,1
58,960,0.5,274.18,184.06,524.91,1
58,961,0.5,546.46,336.04,254.04,1
58,961,0.5,274.18,184.06,524.91,1
58,962,0.5,577.34,292.14,223.16,1
58,962,0.5,274.18,184.06,524.91,1
58,963,0.5,602.61,275.25,197.89,1
58,963,0.5,274.18,221.21,524.91,1
58,964,0.5,571.73,282.01,228.77,1
58,964,0.5,274.18,221.21,524.91,1
58,965,0.5,495.94,363.06,304.56,1
58,965,0.5,274.18,221.21,524.91,1
58,966,120.39,442.61,381.64,357.89,1
58,966,0.5,274.18,221.21,524.91,1
58,967,120.39,442.61,381.64,357.89,1
58,967,0.5,274.18,221.21,524.91,1
58,968,187.94,411.73,439.05,388.77,1
58,968,0.5,274.18,221.21,524.91,1
58,969,187.94,411.73,439.05,388.77,1
58,969,0.5,274.18,221.21,524.91,1
58,970,187.94,411.73,439.05,388.77,1
58,970,0.5,274.18,221.21,524.91,1
58,971,187.94,411.73,439.05,388.77,1
58,971,0.5,274.18,221.21,524.91,1
58,972,187.94,411.73,439.05,388.77,1
58,972,0.5,274.18,221.21,524.91,1
58,973,187.94,411.73,439.05,388.77,1
58,973,0.5,274.18,221.21,524.91,1
58,974,187.94,411.73,439.05,388.77,1
58,974,0.5,274.18,221.21,524.91,1
58,975,187.94,411.73,439.05,388.77,1
58,975,0.5,274.18,221.21,524.91,1
58,976,187.94,411.73,439.05,388.77,1
58,976,0.5,274.18,221.21,524.91,1
58,977,187.94,411.73,439.05,388.77,1
58,977,42.716,248.92,256.68,550.18,1
58,977,0.5,710.8,35.894,89.704,1
58,978,187.94,411.73,439.05,388.77,1
58,978,79.867,243.31,249.92,555.79,1
58,978,0.5,710.8,35.894,89.704,1
58,979,187.94,411.73,439.05,388.77,1
58,979,66.358,243.31,263.43,555.79,1
58,979,0.5,710.8,35.894,89.704,1
58,980,187.94,417.34,439.05,383.16,1
58,980,39.339,243.31,290.45,555.79,1
58,980,0.5,652.12,109.04,148.38,1
58,981,187.94,417.34,439.05,383.16,1
58,981,39.339,243.31,290.45,555.79,1
58,981,0.5,653.13,89.499,147.37,1
58,982,187.94,417.34,439.05,383.16,1
58,982,39.339,243.31,290.45,555.79,1
58,982,0.5,653.13,89.499,147.37,1
58,983,187.94,417.34,439.05,383.16,1
58,983,39.339,243.31,290.45,555.79,1
58,983,0.5,653.13,89.499,147.37,1
58,984,187.94,417.34,439.05,383.16,1
58,984,39.339,243.31,290.45,555.79,1
58,984,0.5,653.13,89.499,147.37,1
58,985,187.94,417.34,439.05,383.16,1
58,985,39.339,243.31,290.45,555.79,1
58,985,0.5,653.13,89.499,147.37,1
58,986,187.94,417.34,439.05,383.16,1
58,986,32.584,243.31,273.56,555.79,1
58,986,0.5,653.13,89.499,147.37,1
58,987,187.94,434.18,439.05,366.32,1
58,987,32.584,243.31,273.56,555.79,1
58,987,0.5,653.13,89.499,147.37,1
58,988,187.94,434.18,439.05,366.32,1
58,988,73.112,215.24,233.03,583.86,1
58,988,0.5,653.13,89.499,147.37,1
58,989,187.94,434.18,439.05,366.32,1
58,989,89.999,215.24,216.15,558.6,1
58,989,0.5,653.13,89.499,147.37,1
58,990,187.94,434.18,439.05,366.32,1
58,990,89.999,215.24,216.15,558.6,1
58,990,0.5,574.54,89.499,225.96,1
58,991,187.94,434.18,439.05,366.32,1
58,991,89.999,215.24,216.15,558.6,1
58,991,0.5,653.13,89.499,147.37,1
58,992,187.94,434.18,439.05,366.32,1
58,992,89.999,215.24,216.15,558.6,1
58,992,0.5,653.13,89.499,147.37,1
58,993,187.94,434.18,439.05,366.32,1
58,993,79.867,215.24,226.28,558.6,1
58,993,0.5,596.99,89.499,203.51,1
58,994,187.94,434.18,439.05,366.32,1
58,994,79.867,215.24,226.28,558.6,1
58,994,0.5,554.89,89.499,245.61,1
58,995,187.94,434.18,439.05,366.32,1
58,995,79.867,215.24,226.28,558.6,1
58,995,0.5,529.62,89.499,270.88,1
58,996,187.94,434.18,439.05,366.32,1
58,996,79.867,215.24,226.28,558.6,1
58,996,0.5,543.66,89.499,256.84,1
58,997,187.94,434.18,439.05,366.32,1
58,997,79.867,215.24,226.28,558.6,1
58,997,0.5,479.1,89.499,321.4,1
58,998,187.94,434.18,439.05,366.32,1
58,998,79.867,215.24,226.28,558.6,1
58,998,0.5,479.1,89.499,321.4,1
58,999,187.94,434.18,439.05,366.32,1
58,999,49.471,223.66,256.68,550.18,1
58,999,0.5,532.43,89.499,268.07,1
58,1000,187.94,434.18,439.05,366.32,1
58,1000,32.584,237.69,273.56,536.14,1
58,1000,0.5,532.43,89.499,268.07,1
58,1001,187.94,434.18,439.05,366.32,1
58,1001,49.471,229.27,256.68,544.56,1
58,1001,0.5,509.97,89.499,290.53,1
58,1002,187.94,434.18,439.05,366.32,1
58,1002,59.603,229.27,246.54,571.23,1
58,1002,0.5,524.01,89.499,276.49,1
58,1003,187.94,434.18,439.05,366.32,1
58,1003,12.321,229.27,293.83,571.23,1
58,1003,0.5,650.32,89.499,150.18,1
58,1004,187.94,434.18,439.05,366.32,1
58,1004,0.5,260.15,305.65,540.35,1
58,1004,0.5,546.46,89.499,254.04,1
58,1005,187.94,434.18,439.05,366.32,1
58,1005,0.5,246.11,305.65,554.39,1
58,1005,0.5,355.59,173.93,444.91,1
58,1006,79.867,434.18,466.07,366.32,1
58,1006,25.83,246.11,280.32,554.39,1
58,1006,0.5,338.75,221.21,461.75,1
58,1007,187.94,434.18,439.05,366.32,1
58,1007,22.453,246.11,283.69,554.39,1
58,1007,117.02,296.64,307.34,503.86,1
58,1008,0.5,498.75,359.68,301.75,1
58,1008,19.075,246.11,310.71,554.39,1
58,1008,272.37,251.73,249.92,548.77,1
58,1009,0.5,479.1,379.95,321.4,1
58,1009,29.207,246.11,287.07,554.39,1
58,1009,370.32,226.46,260.05,574.04,1
58,1010,86.621,431.38,439.05,366.32,1
58,1010,25.83,246.11,280.32,554.39,1
58,1010,491.9,215.24,236.41,585.26,1
58,1011,198.07,406.11,466.07,394.39,1
58,1011,25.83,246.11,280.32,554.39,1
58,1011,596.59,189.97,233.03,610.53,1
58,1012,252.11,400.5,452.56,400,1
58,1012,29.207,246.11,276.94,554.39,1
58,1012,626.99,189.97,249.92,610.53,1
58,1013,241.98,403.31,493.09,397.19,1
58,1013,22.453,246.11,283.69,554.39,1
58,1013,616.86,173.13,260.05,611.93,1
58,1014,241.98,403.31,459.31,397.19,1
58,1014,22.453,246.11,283.69,554.39,1
58,1014,539.18,161.9,260.05,625.96,1
58,1015,241.98,403.31,445.8,397.19,1
58,1015,0.5,246.11,305.65,554.39,1
58,1015,539.18,159.1,229.66,600.7,1
58,1016,265.62,369.62,435.67,430.88,1
58,1016,0.5,246.11,305.65,554.39,1
58,1016,539.18,159.1,222.9,600.7,1
58,1017,265.62,321.9,435.67,478.6,1
58,1017,0.5,246.11,305.65,554.39,1
58,1017,583.09,159.1,189.13,600.7,1
58,1018,252.11,305.06,432.3,495.44,1
58,1018,0.5,246.11,305.65,554.39,1
58,1018,583.09,159.1,189.13,600.7,1
58,1019,245.35,305.06,439.05,495.44,1
58,1019,0.5,246.11,305.65,554.39,1
58,1019,569.58,145.06,202.64,614.74,1
58,1020,245.35,305.06,439.05,495.44,1
58,1020,0.5,268.57,305.65,531.93,1
58,1020,569.58,145.06,202.64,614.74,1
58,1021,245.35,305.06,439.05,495.44,1
58,1021,0.5,282.61,234.72,517.89,1
58,1021,569.58,145.06,202.64,614.74,1
58,1022,245.35,305.06,439.05,495.44,1
58,1022,0.5,285.41,227.97,515.09,1
58,1022,569.58,145.06,202.64,614.74,1
58,1023,245.35,305.06,489.71,495.44,1
58,1023,0.5,397.69,187.44,402.81,1
58,1023,569.58,145.06,202.64,614.74,1
58,1024,245.35,305.06,415.41,495.44,1
58,1024,0.5,451.03,157.04,349.47,1
58,1024,569.58,153.48,202.64,606.32,1
58,1025,245.35,305.06,428.92,495.44,1
58,1025,0.5,462.25,133.4,338.25,1
58,1025,596.59,153.48,175.62,606.32,1
58,1026,245.35,305.06,469.45,495.44,1
58,1026,0.5,417.34,140.16,383.16,1
58,1026,566.2,153.48,192.51,606.32,1
58,1027,245.35,305.06,442.43,495.44,1
58,1027,0.5,422.96,146.91,377.54,1
58,1027,535.8,153.48,179,547.37,1
58,1028,245.35,305.06,455.94,495.44,1
58,1028,0.5,411.73,143.54,388.77,1
58,1028,491.9,164.71,206.02,536.14,1
58,1029,245.35,305.06,455.94,495.44,1
58,1029,0.5,386.46,150.29,414.04,1
58,1029,393.96,178.75,206.02,536.14,1
58,1030,245.35,305.06,513.35,495.44,1
58,1030,0.5,324.71,150.29,475.79,1
58,1030,356.81,167.52,206.02,536.14,1
58,1031,279.13,305.06,408.65,495.44,1
58,1031,0.5,324.71,150.29,475.79,1
58,1031,343.3,167.52,206.02,536.14,1
58,1032,356.81,293.83,368.13,506.67,1
58,1032,0.5,324.71,150.29,475.79,1
58,1032,356.81,167.52,206.02,536.14,1
58,1033,404.09,279.8,347.86,520.7,1
58,1033,0.5,392.08,150.29,408.42,1
58,1033,356.81,167.52,206.02,536.14,1
58,1034,373.69,279.8,391.77,520.7,1
58,1034,0.5,324.71,150.29,475.79,1
58,1034,356.81,167.52,206.02,536.14,1
58,1035,296.01,279.8,435.67,520.7,1
58,1035,0.5,394.89,150.29,405.61,1
58,1035,356.81,167.52,206.02,536.14,1
58,1036,258.86,307.87,455.94,492.63,1
58,1036,0.5,451.03,150.29,349.47,1
58,1036,356.81,167.52,206.02,536.14,1
58,1037,258.86,307.87,482.96,492.63,1
58,1037,0.5,451.03,150.29,349.47,1
58,1037,356.81,156.29,219.53,547.37,1
58,1038,269,307.87,422.16,492.63,1
58,1038,0.5,451.03,150.29,349.47,1
58,1038,356.81,167.52,226.28,536.14,1
58,1039,269,307.87,422.16,492.63,1
58,1039,0.5,451.03,150.29,349.47,1
58,1039,356.81,167.52,226.28,536.14,1
58,1040,269,307.87,422.16,492.63,1
58,1040,0.5,428.57,150.29,371.93,1
58,1040,356.81,167.52,226.28,536.14,1
58,1041,269,307.87,422.16,492.63,1
58,1041,0.5,476.29,150.29,324.21,1
58,1041,356.81,167.52,233.03,536.14,1
58,1042,269,307.87,422.16,492.63,1
58,1042,0.5,504.36,150.29,296.14,1
58,1042,323.03,167.52,256.68,536.14,1
58,1043,269,307.87,422.16,492.63,1
58,1043,0.5,445.41,150.29,355.09,1
58,1043,329.79,167.52,253.3,536.14,1
58,1044,269,307.87,422.16,492.63,1
58,1044,0.5,445.41,150.29,355.09,1
58,1044,356.81,167.52,222.9,536.14,1
58,1045,269,307.87,479.58,492.63,1
58,1045,0.5,473.48,150.29,327.02,1
58,1045,356.81,167.52,222.9,536.14,1
58,1046,269,307.87,388.39,492.63,1
58,1046,0.5,411.73,150.29,388.77,1
58,1046,356.81,167.52,206.02,536.14,1
58,1047,269,307.87,405.28,492.63,1
58,1047,0.5,411.73,150.29,388.77,1
58,1047,336.54,178.75,206.02,536.14,1
58,1048,269,307.87,391.77,492.63,1
58,1048,0.5,411.73,150.29,388.77,1
58,1048,312.9,189.97,206.02,536.14,1
58,1049,269,307.87,391.77,492.63,1
58,1049,0.5,411.73,150.29,388.77,1
58,1049,296.01,195.59,206.02,536.14,1
58,1050,269,307.87,391.77,492.63,1
58,1050,0.5,436.99,150.29,363.51,1
58,1050,262.24,189.97,206.02,518.39,1
58,1051,269,307.87,391.77,492.63,1
58,1051,0.5,470.68,150.29,329.82,1
58,1051,265.62,175.94,243.17,536.14,1
58,1052,269,307.87,391.77,492.63,1
58,1052,0.5,512.78,150.29,287.72,1
58,1052,275.75,167.52,236.41,536.14,1
58,1053,269,307.87,391.77,492.63,1
58,1053,0.5,495.94,150.29,304.56,1
58,1053,289.26,170.32,206.02,536.14,1
58,1054,282.51,307.87,445.8,492.63,1
58,1054,0.5,431.38,150.29,369.12,1
58,1054,323.03,167.52,206.02,536.14,1
58,1054,1130.2,408.92,150.29,391.58,1
58,1055,316.28,307.87,374.88,492.63,1
58,1055,0.5,431.38,119.89,369.12,1
58,1055,323.03,167.52,206.02,536.14,1
58,1055,957.97,316.29,322.53,484.21,1
58,1056,366.94,274.18,357.99,526.32,1
58,1056,0.5,431.38,119.89,369.12,1
58,1056,265.62,189.97,243.17,572.63,1
58,1056,758.71,369.62,442.43,430.88,1
58,1057,366.94,243.31,357.99,557.19,1
58,1057,0.5,431.38,119.89,369.12,1
58,1057,238.6,201.2,239.79,599.3,1
58,1057,512.16,417.34,425.54,383.16,1
58,1058,441.24,237.69,334.35,562.81,1
58,1058,0.5,431.38,119.89,369.12,1
58,1058,228.47,215.24,206.02,536.14,1
58,1058,214.96,566.11,388.39,234.39,1
58,1058,944.46,310.68,330.98,489.82,1
58,1059,468.26,237.69,327.6,562.81,1
58,1059,0.5,431.38,119.89,369.12,1
58,1059,211.58,226.46,239.79,574.04,1
58,1059,0.5,695.24,275.25,105.26,1
58,1059,772.22,302.25,388.39,498.25,1
58,1060,556.07,223.66,303.96,576.84,1
58,1060,0.5,431.38,119.89,369.12,1
58,1060,147.41,243.31,297.2,557.19,1
58,1060,545.94,352.78,388.39,447.72,1
58,1061,556.07,201.2,344.49,599.3,1
58,1061,0.5,431.38,119.89,369.12,1
58,1061,140.66,237.69,297.2,562.81,1
58,1061,400.71,383.66,388.39,416.84,1
58,1062,593.22,201.2,408.65,599.3,1
58,1062,0.5,431.38,119.89,369.12,1
58,1062,181.19,223.66,253.3,576.84,1
58,1062,231.85,347.17,405.28,453.33,1
58,1063,593.22,201.2,482.96,599.3,1
58,1063,0.5,431.38,119.89,369.12,1
58,1063,204.83,218.04,270.18,582.46,1
58,1063,211.58,347.17,418.79,453.33,1
58,1064,593.22,201.2,412.03,599.3,1
58,1064,0.5,431.38,119.89,369.12,1
58,1064,198.07,215.24,249.92,585.26,1
58,1064,150.79,397.69,435.67,402.81,1
58,1065,593.22,201.2,320.84,599.3,1
58,1065,0.5,431.38,119.89,369.12,1
58,1065,164.3,232.08,276.94,561.4,1
58,1065,0.5,479.1,393.46,321.4,1
58,1066,545.94,201.2,357.99,599.3,1
58,1066,0.5,431.38,119.89,369.12,1
58,1066,140.66,240.5,249.92,560,1
58,1066,0.5,509.97,211.08,290.53,1
58,1067,545.94,201.2,317.47,599.3,1
58,1067,0.5,431.38,119.89,369.12,1
58,1067,157.54,229.27,239.79,569.82,1
58,1067,0.5,667.17,109.76,133.33,1
58,1068,545.94,187.17,276.94,613.33,1
58,1068,0.5,431.38,119.89,369.12,1
58,1068,174.43,248.92,243.17,551.58,1
58,1069,559.44,187.17,253.3,613.33,1
58,1069,0.5,431.38,119.89,369.12,1
58,1069,147.41,276.99,290.45,523.51,1
58,1070,559.44,187.17,273.56,613.33,1
58,1070,0.5,431.38,119.89,369.12,1
58,1070,76.489,313.48,344.49,487.02,1
58,1071,559.44,215.24,287.07,585.26,1
58,1071,0.5,431.38,119.89,369.12,1
58,1071,96.753,299.45,327.6,501.05,1
58,1072,518.92,234.89,287.07,565.61,1
58,1072,0.5,431.38,119.89,369.12,1
58,1072,160.92,279.8,283.69,520.7,1
58,1073,454.75,234.89,303.96,565.61,1
58,1073,0.5,431.38,119.89,369.12,1
58,1073,164.3,276.99,270.18,523.51,1
58,1074,427.73,254.54,341.11,545.96,1
58,1074,0.5,431.38,119.89,369.12,1
58,1074,144.04,276.99,287.07,523.51,1
58,1075,427.73,285.41,371.5,515.09,1
58,1075,0.5,431.38,119.89,369.12,1
58,1075,137.28,276.99,290.45,523.51,1
58,1076,458.13,299.45,371.5,501.05,1
58,1076,0.5,431.38,119.89,369.12,1
58,1076,127.15,279.8,314.09,520.7,1
58,1077,458.13,299.45,371.5,501.05,1
58,1077,0.5,431.38,119.89,369.12,1
58,1077,113.64,288.22,317.47,512.28,1
58,1078,437.86,299.45,381.64,501.05,1
58,1078,0.5,431.38,119.89,369.12,1
58,1078,100.13,302.25,300.58,498.25,1
58,1079,437.86,299.45,381.64,501.05,1
58,1079,0.5,431.38,119.89,369.12,1
58,1079,113.64,302.25,287.07,498.25,1
58,1080,437.86,299.45,381.64,501.05,1
58,1080,0.5,431.38,119.89,369.12,1
58,1080,157.54,313.48,260.05,487.02,1
58,1081,437.86,299.45,381.64,501.05,1
58,1081,0.5,448.22,119.89,352.28,1
58,1081,147.41,313.48,273.56,487.02,1
58,1082,437.86,299.45,381.64,501.05,1
58,1082,0.5,448.22,119.89,352.28,1
58,1082,100.13,302.25,314.09,498.25,1
58,1083,437.86,299.45,381.64,501.05,1
58,1083,0.5,448.22,119.89,352.28,1
58,1083,62.98,302.25,337.73,498.25,1
58,1084,437.86,299.45,381.64,501.05,1
58,1084,0.5,448.22,119.89,352.28,1
58,1084,100.13,276.99,337.73,523.51,1
58,1085,437.86,299.45,381.64,501.05,1
58,1085,0.5,448.22,119.89,352.28,1
58,1085,160.92,254.54,310.71,545.96,1
58,1086,437.86,299.45,381.64,501.05,1
58,1086,0.5,448.22,119.89,352.28,1
58,1086,144.04,246.11,300.58,554.39,1
58,1087,437.86,260.15,357.99,540.35,1
58,1087,0.5,473.48,119.89,327.02,1
58,1087,123.77,254.54,307.34,545.96,1
58,1088,471.63,234.89,337.73,565.61,1
58,1088,0.5,493.13,119.89,307.37,1
58,1088,120.39,260.15,310.71,540.35,1
58,1089,471.63,234.89,337.73,565.61,1
58,1089,0.5,540.85,86.121,259.65,1
58,1089,123.77,251.73,303.96,548.77,1
58,1090,488.52,246.11,334.35,554.39,1
58,1090,0.5,540.85,86.121,259.65,1
58,1090,130.53,254.54,300.58,545.96,1
58,1091,488.52,246.11,334.35,554.39,1
58,1091,0.5,540.85,86.121,259.65,1
58,1091,133.9,251.73,293.83,548.77,1
58,1092,488.52,246.11,334.35,554.39,1
58,1092,0.5,540.85,86.121,259.65,1
58,1092,137.28,257.34,297.2,543.16,1
58,1093,488.52,246.11,351.24,554.39,1
58,1093,0.5,521.2,86.121,279.3,1
58,1093,113.64,257.34,320.84,543.16,1
58,1094,488.52,246.11,351.24,554.39,1
58,1094,0.5,509.97,103.01,290.53,1
58,1094,96.753,260.15,314.09,540.35,1
58,1095,488.52,246.11,344.49,554.39,1
58,1095,0.5,509.97,103.01,290.53,1
58,1095,100.13,260.15,351.24,540.35,1
58,1096,488.52,246.11,344.49,554.39,1
58,1096,0.5,509.97,103.01,290.53,1
58,1096,174.43,246.11,293.83,554.39,1
58,1097,488.52,246.11,344.49,554.39,1
58,1097,0.5,509.97,103.01,290.53,1
58,1097,194.7,237.69,273.56,562.81,1
58,1098,488.52,246.11,344.49,554.39,1
58,1098,0.5,509.97,103.01,290.53,1
58,1098,167.68,234.89,290.45,565.61,1
58,1099,488.52,246.11,344.49,554.39,1
58,1099,0.5,526.82,103.01,273.68,1
58,1099,157.54,237.69,314.09,562.81,1
58,1100,488.52,246.11,344.49,554.39,1
58,1100,0.5,526.82,103.01,273.68,1
58,1100,157.54,246.11,314.09,554.39,1
58,1101,488.52,246.11,334.35,554.39,1
58,1101,0.5,526.82,103.01,273.68,1
58,1101,167.68,243.31,300.58,557.19,1
58,1102,488.52,246.11,334.35,554.39,1
58,1102,0.5,543.66,103.01,256.84,1
58,1102,133.9,243.31,337.73,557.19,1
58,1103,488.52,246.11,334.35,554.39,1
58,1103,0.5,543.66,79.367,256.84,1
58,1103,133.9,243.31,314.09,557.19,1
58,1104,333.16,251.73,489.71,548.77,1
58,1104,0.5,543.66,75.989,256.84,1
58,1104,117.02,243.31,297.2,557.19,1
58,1105,404.09,251.73,405.28,548.77,1
58,1105,0.5,543.66,82.744,256.84,1
58,1105,117.02,243.31,276.94,557.19,1
58,1106,329.79,251.73,479.58,548.77,1
58,1106,0.5,543.66,75.989,256.84,1
58,1106,117.02,285.41,276.94,515.09,1
58,1107,444.62,251.73,354.62,548.77,1
58,1107,0.5,543.66,82.744,256.84,1
58,1107,133.9,285.41,246.54,515.09,1
58,1108,397.33,274.18,381.64,526.32,1
58,1108,0.5,543.66,96.253,256.84,1
58,1108,103.51,271.38,276.94,529.12,1
58,1109,336.54,307.87,378.26,492.63,1
58,1109,0.5,543.66,79.367,256.84,1
58,1109,79.867,271.38,330.98,529.12,1
58,1110,296.01,299.45,371.5,501.05,1
58,1110,0.5,543.66,82.744,256.84,1
58,1110,96.753,246.11,314.09,554.39,1
58,1111,296.01,274.18,347.86,526.32,1
58,1111,0.5,543.66,82.744,256.84,1
58,1111,106.89,246.11,303.96,554.39,1
58,1112,370.32,248.92,344.49,551.58,1
58,1112,0.5,543.66,79.367,256.84,1
58,1112,144.04,246.11,266.81,554.39,1
58,1113,488.52,215.24,314.09,585.26,1
58,1113,0.5,543.66,69.235,256.84,1
58,1113,144.04,279.8,320.84,520.7,1
58,1114,562.82,198.39,266.81,602.11,1
58,1114,86.621,299.45,357.99,501.05,1
58,1114,0.5,714.18,50.794,86.319,1
58,1115,562.82,198.39,266.81,602.11,1
58,1115,86.621,319.1,324.22,481.4,1
58,1115,0.5,637.45,117.16,163.05,1
58,1116,562.82,198.39,266.81,602.11,1
58,1116,86.621,341.55,273.56,458.95,1
58,1116,25.83,692.43,155.36,108.07,1
58,1117,576.33,173.13,253.3,627.37,1
58,1117,0.5,392.08,346.17,408.42,1
58,1117,96.753,644.71,209.39,155.79,1
58,1118,562.82,173.13,246.54,627.37,1
58,1118,0.5,420.15,204.33,380.35,1
58,1118,238.6,619.45,206.02,181.05,1
58,1119,556.07,192.78,253.3,607.72,1
58,1119,0.5,420.15,204.33,380.35,1
58,1119,353.43,641.9,229.66,158.6,1
58,1120,556.07,192.78,253.3,607.72,1
58,1120,0.5,344.36,177.31,456.14,1
58,1120,353.43,664.36,432.3,136.14,1
58,1121,556.07,192.78,253.3,607.72,1
58,1121,0.5,394.89,177.31,405.61,1
58,1121,343.3,684.01,418.79,116.49,1
58,1122,556.07,192.78,253.3,607.72,1
58,1122,0.5,442.61,160.42,357.89,1
58,1122,343.3,684.01,418.79,116.49,1
58,1123,556.07,192.78,253.3,607.72,1
58,1123,0.5,442.61,160.42,357.89,1
58,1123,289.26,684.01,439.05,116.49,1
58,1124,556.07,192.78,253.3,607.72,1
58,1124,0.5,442.61,140.16,357.89,1
58,1124,309.52,706.46,418.79,94.035,1
58,1125,556.07,192.78,253.3,607.72,1
58,1125,0.5,467.87,140.16,332.63,1
58,1125,414.22,728.92,314.09,71.579,1
58,1126,556.07,192.78,253.3,607.72,1
58,1126,0.5,467.87,140.16,332.63,1
58,1127,556.07,192.78,253.3,607.72,1
58,1127,0.5,467.87,140.16,332.63,1
58,1128,545.94,192.78,253.3,607.72,1
58,1128,0.5,493.13,140.16,307.37,1
58,1129,478.39,198.39,253.3,602.11,1
58,1129,0.5,512.78,140.16,287.72,1
58,1129,623.61,720.5,276.94,80,1
58,1130,400.71,189.97,236.41,610.53,1
58,1130,0.5,512.78,140.16,287.72,1
58,1130,525.67,681.2,310.71,119.3,1
58,1131,282.51,189.97,354.62,610.53,1
58,1131,0.5,481.9,140.16,318.6,1
58,1131,525.67,627.87,405.28,172.63,1
58,1132,282.51,189.97,354.62,610.53,1
58,1132,0.5,481.9,140.16,318.6,1
58,1132,687.78,566.11,361.37,234.39,1
58,1133,292.64,189.97,344.49,610.53,1
58,1133,0.5,467.87,140.16,332.63,1
58,1133,741.82,546.46,361.37,254.04,1
58,1134,292.64,175.94,344.49,624.56,1
58,1134,0.5,467.87,140.16,332.63,1
58,1134,765.46,532.43,337.73,268.07,1
58,1135,292.64,175.94,344.49,624.56,1
58,1135,0.5,448.22,140.16,352.28,1
58,1135,765.46,532.43,337.73,268.07,1
58,1136,238.6,175.94,398.52,624.56,1
58,1136,0.5,448.22,140.16,352.28,1
58,1136,765.46,532.43,337.73,268.07,1
58,1137,285.88,175.94,351.24,624.56,1
58,1137,0.5,467.87,140.16,332.63,1
58,1137,765.46,557.69,337.73,242.81,1
58,1138,245.35,175.94,391.77,624.56,1
58,1138,0.5,467.87,140.16,332.63,1
58,1138,765.46,571.73,337.73,228.77,1
58,1139,245.35,175.94,391.77,624.56,1
58,1139,0.5,467.87,140.16,332.63,1
58,1139,765.46,571.73,337.73,228.77,1
58,1140,377.07,175.94,260.05,624.56,1
58,1140,0.5,467.87,140.16,332.63,1
58,1140,765.46,571.73,337.73,228.77,1
58,1141,383.82,175.94,253.3,624.56,1
58,1141,0.5,467.87,140.16,332.63,1
58,1141,765.46,596.99,337.73,203.51,1
58,1142,333.16,184.36,303.96,616.14,1
58,1142,0.5,448.22,140.16,352.28,1
58,1142,718.18,681.2,270.18,119.3,1
58,1143,275.75,184.36,354.62,616.14,1
58,1143,0.5,448.22,140.16,352.28,1
58,1143,745.2,759.8,165.49,40.702,1
58,1144,275.75,184.36,354.62,616.14,1
58,1144,0.5,448.22,140.16,352.28,1
58,1145,373.69,195.59,256.68,604.91,1
58,1145,0.5,459.45,140.16,341.05,1
58,1146,350.05,220.85,263.43,579.65,1
58,1146,0.5,459.45,140.16,341.05,1
58,1147,312.9,243.31,293.83,557.19,1
58,1147,0.5,490.32,140.16,310.18,1
58,1147,566.2,762.61,243.17,37.895,1
58,1148,275.75,243.31,280.32,557.19,1
58,1148,0.5,538.04,109.76,262.46,1
58,1148,532.43,686.82,243.17,113.68,1
58,1149,171.05,251.73,385.01,548.77,1
58,1149,0.5,538.04,146.91,262.46,1
58,1149,562.82,653.13,243.17,147.37,1
58,1150,103.51,265.76,303.96,534.74,1
58,1150,0.5,636.29,113.14,164.21,1
58,1150,515.54,700.85,243.17,99.649,1
58,1151,79.867,288.22,290.45,512.28,1
58,1151,529.05,745.76,145.22,54.737,1
58,1152,52.848,310.68,297.2,489.82,1
58,1152,569.58,759.8,104.7,40.702,1
58,1153,15.698,333.13,314.09,467.37,1
58,1153,569.58,759.8,104.7,40.702,1
58,1154,0.5,366.82,261.74,433.68,1
58,1154,529.05,779.45,104.7,21.053,1
58,1155,0.5,439.8,211.08,360.7,1
58,1156,0.5,459.45,211.08,341.05,1
58,1157,0.5,459.45,211.08,341.05,1
58,1158,0.5,439.8,217.84,360.7,1
58,1159,0.5,349.97,305.65,450.53,1
58,1160,52.848,316.29,293.83,484.21,1
58,1160,498.65,765.41,148.6,35.088,1
58,1161,79.867,288.22,324.22,512.28,1
58,1161,535.8,768.22,148.6,32.281,1
58,1162,177.81,279.8,307.34,516.49,1
58,1162,562.82,771.03,148.6,29.474,1
58,1163,292.64,262.96,293.83,533.33,1
58,1163,579.71,759.8,148.6,40.702,1
58,1164,377.07,229.27,300.58,571.23,1
58,1164,579.71,751.38,148.6,49.123,1
58,1165,377.07,215.24,300.58,585.26,1
58,1165,579.71,734.54,199.26,65.965,1
58,1166,329.79,206.82,287.07,593.68,1
58,1166,633.75,692.43,199.26,108.07,1
58,1167,329.79,189.97,287.07,610.53,1
58,1167,711.42,653.13,206.02,147.37,1
58,1168,329.79,189.97,307.34,610.53,1
58,1168,667.52,625.06,206.02,175.44,1
58,1169,353.43,175.94,233.03,624.56,1
58,1169,529.05,619.45,206.02,181.05,1
58,1170,353.43,164.71,202.64,635.79,1
58,1170,475.01,619.45,206.02,181.05,1
58,1171,312.9,161.9,233.03,635.79,1
58,1171,495.28,619.45,206.02,181.05,1
58,1172,262.24,161.9,283.69,635.79,1
58,1172,522.29,619.45,206.02,181.05,1
58,1173,262.24,161.9,307.34,635.79,1
58,1173,559.44,622.25,206.02,178.25,1
58,1174,262.24,161.9,297.2,635.79,1
58,1174,579.71,622.25,206.02,178.25,1
58,1175,262.24,161.9,297.2,635.79,1
58,1175,579.71,622.25,206.02,178.25,1
58,1176,262.24,161.9,297.2,635.79,1
58,1176,579.71,622.25,206.02,178.25,1
58,1177,275.75,161.9,283.69,635.79,1
58,1177,579.71,622.25,206.02,178.25,1
58,1178,302.77,161.9,256.68,635.79,1
58,1178,552.69,622.25,206.02,178.25,1
58,1179,269,184.36,290.45,613.33,1
58,1179,552.69,622.25,206.02,178.25,1
58,1180,339.92,175.94,266.81,621.75,1
58,1180,552.69,622.25,206.02,178.25,1
58,1181,387.2,159.1,253.3,638.6,1
58,1181,552.69,622.25,206.02,178.25,1
58,1182,387.2,161.9,233.03,635.79,1
58,1182,552.69,622.25,206.02,178.25,1
58,1183,387.2,161.9,233.03,635.79,1
58,1183,552.69,622.25,206.02,178.25,1
58,1184,387.2,161.9,253.3,635.79,1
58,1184,630.37,602.61,206.02,197.89,1
58,1185,464.88,161.9,202.64,635.79,1
58,1185,593.22,585.76,243.17,214.74,1
58,1186,518.92,156.29,202.64,635.79,1
58,1186,593.22,585.76,243.17,214.74,1
58,1187,545.94,178.75,239.79,621.75,1
58,1187,593.22,585.76,243.17,214.74,1
58,1188,640.5,181.55,273.56,618.95,1
58,1188,593.22,585.76,243.17,214.74,1
58,1189,640.5,181.55,273.56,618.95,1
58,1189,593.22,585.76,243.17,214.74,1
58,1190,640.5,181.55,273.56,618.95,1
58,1190,593.22,585.76,216.15,214.74,1
58,1191,751.95,167.52,324.22,632.98,1
58,1191,559.44,591.38,212.77,209.12,1
58,1192,751.95,167.52,324.22,632.98,1
58,1192,559.44,591.38,212.77,209.12,1
58,1193,751.95,167.52,324.22,632.98,1
58,1193,586.46,591.38,199.26,209.12,1
58,1194,751.95,167.52,324.22,632.98,1
58,1194,586.46,591.38,199.26,209.12,1
58,1195,735.06,167.52,341.11,632.98,1
58,1195,586.46,591.38,199.26,209.12,1
58,1196,701.29,167.52,287.07,632.98,1
58,1196,586.46,591.38,199.26,209.12,1
58,1197,599.97,173.13,310.71,627.37,1
58,1197,586.46,591.38,199.26,209.12,1
58,1198,569.58,178.75,263.43,621.75,1
58,1198,491.9,557.69,199.26,242.81,1
58,1199,559.44,187.17,263.43,613.33,1
58,1199,306.15,554.89,307.34,245.61,1
58,1200,488.52,220.85,297.2,579.65,1
58,1200,296.01,554.89,317.47,245.61,1
58,1201,370.32,246.11,303.96,554.39,1
58,1201,316.28,554.89,297.2,245.61,1
58,1202,350.05,243.31,303.96,554.39,1
58,1202,356.81,563.31,256.68,237.19,1
58,1203,350.05,243.31,303.96,554.39,1
58,1203,356.81,563.31,256.68,237.19,1
58,1204,333.16,243.31,320.84,554.39,1
58,1204,356.81,577.34,229.66,223.16,1
58,1205,333.16,243.31,320.84,554.39,1
58,1205,356.81,577.34,209.39,223.16,1
58,1206,333.16,243.31,320.84,554.39,1
58,1206,356.81,577.34,209.39,223.16,1
58,1207,333.16,243.31,320.84,554.39,1
58,1207,356.81,591.38,209.39,209.12,1
58,1208,333.16,243.31,320.84,554.39,1
58,1208,356.81,591.38,216.15,209.12,1
58,1209,343.3,243.31,310.71,554.39,1
58,1209,464.88,686.82,216.15,113.68,1
58,1209,1120.1,316.29,160.42,484.21,1
58,1210,400.71,226.46,317.47,571.23,1
58,1210,805.99,358.39,374.88,442.11,1
58,1211,542.56,198.39,270.18,602.11,1
58,1211,539.18,392.08,391.77,408.42,1
58,1212,589.84,189.97,270.18,610.53,1
58,1212,262.24,414.54,425.54,385.96,1
58,1213,606.73,189.97,270.18,610.53,1
58,1213,42.716,493.13,425.54,307.37,1
58,1213,934.33,386.46,327.6,414.04,1
58,1214,596.59,189.97,287.07,610.53,1
58,1214,0.5,653.13,227.97,147.37,1
58,1214,589.84,397.69,401.9,402.81,1
58,1215,596.59,212.43,327.6,588.07,1
58,1215,404.09,389.27,320.84,411.23,1
58,1216,691.16,220.85,327.6,579.65,1
58,1216,238.6,422.96,300.58,377.54,1
58,1217,691.16,251.73,388.39,548.77,1
58,1217,86.621,436.99,391.77,363.51,1
58,1218,775.59,319.1,388.39,481.4,1
58,1218,22.453,425.76,364.75,374.74,1
58,1219,981.61,347.17,298.89,453.33,1
58,1219,22.453,420.15,395.15,380.35,1
58,1220,22.453,406.11,425.54,394.39,1
58,1221,32.584,406.11,415.41,394.39,1
58,1222,100.13,406.11,391.77,394.39,1
58,1223,117.02,406.11,395.15,394.39,1
58,1224,69.735,406.11,401.9,394.39,1
58,1225,42.716,414.54,361.37,385.96,1
58,1225,2.5317,709.67,111.07,90.832,1
58,1226,117.02,428.57,361.37,371.93,1
58,1226,2.5317,674.69,150.35,125.81,1
58,1227,164.3,459.45,401.9,341.05,1
58,1227,2.5317,743.52,81.27,56.982,1
58,1228,79.867,549.27,401.9,251.23,1
58,1229,0.5,633.48,349.55,167.02,1
58,1407,924.19,136.64,172.24,502.46,1
58,1408,829.63,147.87,239.79,533.33,1
58,1409,724.93,167.52,263.43,561.4,1
58,1410,677.65,198.39,226.28,602.11,1
58,1411,657.39,229.27,212.77,571.23,1
58,1412,556.07,257.34,385.01,543.16,1
58,1413,599.97,229.27,341.11,571.23,1
58,1414,708.05,192.78,270.18,571.23,1
58,1415,708.05,175.94,303.96,588.07,1
58,1416,708.05,187.17,287.07,558.6,1
58,1417,576.33,187.17,361.37,558.6,1
58,1418,576.33,204.01,324.22,541.75,1
58,1419,630.37,204.01,270.18,564.21,1
58,1420,657.39,204.01,243.17,564.21,1
58,1421,657.39,204.01,263.43,564.21,1
58,1422,640.5,229.27,303.96,571.23,1
58,1423,566.2,268.57,361.37,531.93,1
58,1424,518.92,338.75,408.65,461.75,1
58,1425,447.99,411.73,418.79,388.77,1
58,1426,339.92,470.46,442.8,330.04,1
58,1427,339.92,569.75,468.54,230.75,1
58,1428,296.01,580.15,493.09,220.35,1
58,1429,254.47,542.67,514.37,257.83,1
58,1430,258.86,568.92,489.71,231.58,1
58,1431,249.05,559.6,479.26,240.9,1
58,1432,257.18,551.7,471.13,248.8,1
58,1433,274.79,523.49,472.72,277.01,1
58,1434,284.27,517.85,467.3,282.65,1
58,1435,288.33,487.38,470.01,313.12,1
58,1436,280.2,476.1,460.53,324.4,1
58,1437,258.86,479.48,475.1,321.02,1
58,1438,258.86,501.55,469.45,298.95,1
58,1439,258.86,508.82,466.97,291.68,1
58,1440,258.86,622.25,314.09,178.25,1
58,1446,1.1772,768.34,151.7,32.158,1
58,1538,1089.7,408.92,190.82,391.58,1
58,1539,805.99,453.83,376.57,346.67,1
58,1540,522.29,521.2,403.59,279.3,1
58,1540,1214.6,268.57,65.858,531.93,1
58,1541,495.28,706.46,209.39,94.035,1
58,1541,957.97,240.5,283.69,560,1
58,1542,603.35,254.54,412.03,545.96,1
58,1543,306.15,274.18,374.88,526.32,1
58,1543,998.49,397.69,253.3,402.81,1
58,1544,83.244,291.03,374.88,509.47,1
58,1544,758.71,335.94,408.65,464.56,1
58,1545,0.5,366.82,261.74,433.68,1
58,1545,758.71,330.32,354.62,470.18,1
58,1546,758.71,330.32,354.62,470.18,1
58,1547,758.71,330.32,354.62,470.18,1
58,1548,758.71,341.55,354.62,458.95,1
58,1549,758.71,341.55,354.62,458.95,1
58,1550,758.71,341.55,327.6,458.95,1
58,1551,718.18,462.25,303.96,338.25,1
58,1551,35.962,709.27,300.58,91.228,1
58,1552,603.35,501.55,368.13,298.95,1
58,1552,0.5,616.64,336.04,183.86,1
58,1553,464.88,414.54,341.11,385.96,1
58,1554,269,451.03,371.5,349.47,1
58,1555,32.584,490.32,371.5,310.18,1
58,1556,0.5,700.85,140.16,99.649,1
58,1647,103.51,521.2,361.37,279.3,1
58,1648,333.16,473.48,435.67,327.02,1
58,1649,505.41,341.55,459.31,458.95,1
58,1650,485.14,276.99,584.27,523.51,1
58,1651,498.65,276.99,479.58,523.51,1
58,1652,420.97,288.22,280.32,512.28,1
58,1653,370.32,341.55,330.98,458.95,1
58,1654,333.16,397.69,381.64,402.81,1
58,1655,154.17,481.9,462.69,318.6,1
58,1656,123.77,504.36,462.69,296.14,1
58,1657,140.66,512.78,479.58,287.72,1
58,1658,140.66,512.78,479.58,287.72,1
58,1659,140.66,535.24,479.58,265.26,1
58,1660,140.66,535.24,479.58,265.26,1
58,1661,140.66,535.24,479.58,265.26,1
58,1662,140.66,535.24,479.58,265.26,1
58,1663,140.66,518.39,479.58,282.11,1
58,1664,140.66,518.39,479.58,282.11,1
58,1665,140.66,518.39,479.58,282.11,1
58,1666,140.66,518.39,479.58,282.11,1
58,1667,140.66,518.39,479.58,282.11,1
58,1668,140.66,518.39,479.58,282.11,1
58,1669,140.66,509.97,479.58,290.53,1
58,1670,140.66,509.97,479.58,290.53,1
58,1671,140.66,509.97,479.58,290.53,1
58,1672,140.66,509.97,479.58,290.53,1
58,1673,140.66,509.97,479.58,290.53,1
58,1674,140.66,509.97,479.58,290.53,1
58,1675,140.66,509.97,479.58,290.53,1
58,1676,140.66,509.97,479.58,290.53,1
58,1677,140.66,509.97,479.58,290.53,1
58,1678,140.66,509.97,523.48,290.53,1
58,1679,140.66,417.34,655.2,383.16,1
58,1680,140.66,487.52,435.67,312.98,1
58,1681,140.66,498.75,374.88,301.75,1
58,1682,140.66,495.94,432.3,304.56,1
58,1683,140.66,493.13,385.01,307.37,1
58,1684,140.66,484.71,354.62,315.79,1
58,1685,140.66,498.75,354.62,301.75,1
58,1686,140.66,493.13,357.99,307.37,1
58,1687,140.66,498.75,324.22,301.75,1
58,1688,127.15,509.97,354.62,290.53,1
58,1689,140.66,509.97,381.64,290.53,1
58,1690,140.66,509.97,388.39,290.53,1
58,1691,140.66,509.97,374.88,290.53,1
58,1692,140.66,509.97,374.88,290.53,1
58,1693,140.66,509.97,374.88,290.53,1
58,1694,140.66,509.97,378.26,290.53,1
58,1695,140.66,509.97,378.26,290.53,1
58,1696,140.66,509.97,378.26,290.53,1
58,1697,140.66,509.97,378.26,290.53,1
58,1698,140.66,538.04,391.77,262.46,1
58,1699,241.98,495.94,391.77,304.56,1
58,1700,211.58,462.25,422.16,338.25,1
58,1701,127.15,445.41,371.5,355.09,1
58,1702,103.51,445.41,371.5,355.09,1
58,1703,103.51,445.41,371.5,355.09,1
58,1704,103.51,445.41,371.5,355.09,1
58,1705,89.999,445.41,385.01,355.09,1
58,1706,89.999,445.41,401.9,355.09,1
58,1707,89.999,445.41,401.9,355.09,1
58,1708,89.999,445.41,401.9,355.09,1
58,1709,89.999,434.18,428.92,366.32,1
58,1710,89.999,434.18,381.64,366.32,1
58,1711,89.999,434.18,381.64,366.32,1
58,1712,133.9,434.18,354.62,366.32,1
58,1713,164.3,451.03,398.52,349.47,1
58,1714,144.04,451.03,516.73,349.47,1
58,1715,144.04,451.03,516.73,349.47,1
58,1716,144.04,451.03,405.28,349.47,1
58,1717,144.04,451.03,405.28,349.47,1
58,1718,144.04,451.03,385.01,349.47,1
58,1719,144.04,451.03,371.5,349.47,1
58,1720,144.04,451.03,351.24,349.47,1
58,1721,144.04,451.03,351.24,349.47,1
58,1722,144.04,451.03,351.24,349.47,1
58,1723,144.04,451.03,351.24,349.47,1
58,1724,144.04,442.61,371.5,357.89,1
58,1725,123.77,442.61,422.16,357.89,1
58,1726,96.753,442.61,388.39,357.89,1
58,1727,140.66,442.61,314.09,357.89,1
58,1728,221.71,378.04,300.58,422.46,1
58,1729,221.71,347.17,300.58,453.33,1
58,1730,127.15,369.62,300.58,430.88,1
58,1731,96.753,378.04,324.22,422.46,1
58,1732,96.753,378.04,351.24,422.46,1
58,1733,171.05,366.82,341.11,433.68,1
58,1734,171.05,366.82,341.11,433.68,1
58,1735,144.04,366.82,341.11,433.68,1
58,1736,144.04,383.66,341.11,416.84,1
58,1737,137.28,383.66,347.86,416.84,1
58,1738,137.28,383.66,347.86,416.84,1
58,1739,130.53,383.66,324.22,416.84,1
58,1740,130.53,392.08,324.22,408.42,1
58,1741,89.999,378.04,371.5,422.46,1
58,1742,89.999,378.04,361.37,422.46,1
58,1743,89.999,378.04,361.37,422.46,1
58,1744,144.04,378.04,307.34,422.46,1
58,1745,133.9,378.04,317.47,422.46,1
58,1746,62.98,403.31,347.86,397.19,1
58,1747,29.207,428.57,476.2,371.93,1
58,1748,100.13,380.85,364.75,419.65,1
58,1749,245.35,335.94,297.2,464.56,1
58,1750,265.62,335.94,297.2,464.56,1
58,1751,150.79,355.59,307.34,444.91,1
58,1752,103.51,366.82,324.22,433.68,1
58,1753,86.621,366.82,398.52,433.68,1
58,1754,204.83,344.36,368.13,456.14,1
58,1755,194.7,358.39,378.26,442.11,1
58,1756,127.15,414.54,401.9,385.96,1
58,1757,140.66,406.11,371.5,394.39,1
58,1758,204.83,361.2,371.5,439.3,1
58,1758,1109.9,302.25,170.55,498.25,1
58,1759,198.07,349.97,347.86,450.53,1
58,1759,829.63,319.1,398.52,481.4,1
58,1760,269,307.87,347.86,492.63,1
58,1760,366.94,383.66,503.22,416.84,1
58,1761,319.66,285.41,347.86,515.09,1
58,1761,0.5,495.94,488.02,304.56,1
58,1761,1170.7,392.08,109.76,408.42,1
58,1762,299.39,285.41,391.77,515.09,1
58,1762,883.67,394.89,371.5,405.61,1
58,1763,299.39,285.41,391.77,515.09,1
58,1763,724.93,406.11,297.2,394.39,1
58,1764,299.39,285.41,361.37,515.09,1
58,1764,377.07,403.31,354.62,394.39,1
58,1765,282.51,305.06,354.62,495.44,1
58,1765,86.621,518.39,354.62,282.11,1
58,1766,272.37,305.06,391.77,495.44,1
58,1766,0.5,703.66,271.87,96.842,1
58,1767,272.37,305.06,455.94,495.44,1
58,1768,272.37,305.06,435.67,495.44,1
58,1769,272.37,305.06,435.67,495.44,1
58,1770,272.37,305.06,418.79,495.44,1
58,1771,272.37,319.1,418.79,481.4,1
58,1772,248.73,319.1,509.97,481.4,1
58,1773,231.85,254.54,452.56,545.96,1
58,1774,231.85,319.1,452.56,481.4,1
58,1775,231.85,319.1,479.58,481.4,1
58,1776,147.41,349.97,378.26,450.53,1
58,1777,147.41,369.62,327.6,430.88,1
58,1778,181.19,369.62,364.75,430.88,1
58,1779,198.07,369.62,347.86,430.88,1
58,1780,181.19,364.01,364.75,436.49,1
58,1781,174.43,364.01,351.24,436.49,1
58,1782,137.28,372.43,344.49,428.07,1
58,1783,39.339,448.22,381.64,352.28,1
58,1784,39.339,498.75,320.84,301.75,1
58,1785,39.339,588.57,202.64,211.93,1
58,1786,39.339,650.32,138.47,150.18,1
58,1791,39.339,515.59,239.79,284.91,1
58,1792,39.339,577.34,314.09,223.16,1
58,1793,39.339,577.34,371.5,223.16,1
58,1794,123.77,535.24,435.67,265.26,1
58,1795,147.41,524.01,499.84,276.49,1
58,1796,147.41,535.24,469.45,265.26,1
58,1797,147.41,546.46,432.3,254.04,1
58,1798,171.05,524.01,435.67,276.49,1
58,1799,117.02,566.11,428.92,234.39,1
58,1800,130.53,560.5,445.8,240,1
58,1801,160.92,568.92,459.31,231.58,1
58,1802,93.376,692.43,395.15,108.07,1
58,1805,292.64,605.41,422.16,195.09,1
58,1806,495.28,543.66,364.75,256.84,1
58,1807,687.78,515.59,428.92,284.91,1
58,1808,687.78,364.01,300.58,436.49,1
58,1809,583.09,305.06,385.01,495.44,1
58,1810,559.44,274.18,334.35,526.32,1
58,1811,508.78,262.96,314.09,537.54,1
58,1812,373.69,268.57,341.11,531.93,1
58,1813,289.26,276.99,341.11,523.51,1
58,1814,211.58,262.96,270.18,537.54,1
58,1815,73.112,305.06,385.01,495.44,1
58,1816,0.5,313.48,305.65,487.02,1
58,1817,0.5,392.08,177.31,408.42,1
58,1818,0.5,445.41,136.78,355.09,1
58,1819,0.5,445.41,211.08,355.09,1
58,1820,29.207,307.87,233.03,492.63,1
58,1821,127.15,262.96,280.32,537.54,1
58,1822,184.56,262.96,253.3,537.54,1
58,1823,245.35,262.96,307.34,537.54,1
58,1824,350.05,262.96,249.92,537.54,1
58,1825,393.96,282.61,243.17,517.89,1
58,1826,329.79,310.68,324.22,489.82,1
58,1827,329.79,364.01,276.94,436.49,1
58,1828,255.49,411.73,239.79,388.77,1
58,1829,282.51,386.46,266.81,411.23,1
58,1830,356.81,310.68,293.83,487.02,1
58,1831,373.69,243.31,246.54,554.39,1
58,1832,346.67,262.96,246.54,534.74,1
58,1833,312.9,288.22,263.43,509.47,1
58,1834,312.9,288.22,307.34,509.47,1
58,1835,299.39,296.64,320.84,501.05,1
58,1836,299.39,296.64,273.56,501.05,1
58,1837,333.16,262.96,246.54,534.74,1
58,1838,380.45,240.5,233.03,557.19,1
58,1839,366.94,260.15,233.03,540.35,1
58,1840,370.32,291.03,206.02,509.47,1
58,1841,387.2,271.38,226.28,529.12,1
58,1842,424.35,223.66,226.28,576.84,1
58,1843,437.86,223.66,290.45,576.84,1
58,1844,505.41,209.62,243.17,590.88,1
58,1845,471.63,218.04,256.68,582.46,1
58,1846,370.32,248.92,280.32,551.58,1
58,1847,312.9,248.92,266.81,551.58,1
58,1848,258.86,237.69,273.56,562.81,1
58,1849,198.07,257.34,297.2,543.16,1
58,1850,123.77,288.22,263.43,512.28,1
58,1851,69.735,307.87,317.47,492.63,1
58,1852,0.5,307.87,288.76,492.63,1
58,1853,0.5,338.75,268.5,461.75,1
58,1854,0.5,425.76,227.97,374.74,1
58,1855,0.5,425.76,194.2,374.74,1
58,1856,0.5,408.92,194.2,391.58,1
58,1857,0.5,408.92,194.2,391.58,1
58,1858,0.5,422.96,194.2,377.54,1
58,1859,0.5,422.96,167.18,377.54,1
58,1860,0.5,422.96,207.7,377.54,1
58,1861,0.5,327.52,258.36,472.98,1
58,1862,0.5,327.52,278.63,472.98,1
58,1863,0.5,369.62,309.02,430.88,1
58,1864,0.5,369.62,376.57,430.88,1
58,1865,73.112,307.87,303.96,492.63,1
58,1865,0.5,408.92,251.61,391.58,1
58,1866,133.9,285.41,243.17,515.09,1
58,1866,182.87,307.87,336.04,492.63,1
58,1867,113.64,285.41,263.43,515.09,1
58,1867,334.85,240.5,477.89,560,1
58,1868,89.999,305.06,280.32,495.44,1
58,1868,520.61,204.01,477.89,596.49,1
58,1869,106.89,305.06,263.43,495.44,1
58,1869,633.75,204.01,347.86,596.49,1
58,1870,106.89,305.06,263.43,495.44,1
58,1870,583.09,204.01,324.22,596.49,1
58,1871,106.89,305.06,276.94,495.44,1
58,1871,606.73,237.69,317.47,562.81,1
58,1872,147.41,279.8,243.17,520.7,1
58,1872,606.73,237.69,317.47,562.81,1
58,1873,127.15,279.8,263.43,520.7,1
58,1873,606.73,220.85,273.56,579.65,1
58,1874,66.358,305.06,324.22,495.44,1
58,1874,569.58,175.94,310.71,624.56,1
58,1875,46.094,305.06,320.84,495.44,1
58,1875,505.41,156.29,273.56,644.21,1
58,1876,73.112,293.83,276.94,506.67,1
58,1876,505.41,142.25,233.03,658.25,1
58,1877,62.98,293.83,320.84,506.67,1
58,1877,525.67,125.41,310.71,675.09,1
58,1878,15.698,310.68,337.73,489.82,1
58,1878,593.22,125.41,253.3,675.09,1
58,1879,29.207,310.68,357.99,489.82,1
58,1879,606.73,125.41,270.18,675.09,1
58,1880,83.244,276.99,303.96,523.51,1
58,1880,606.73,125.41,239.79,675.09,1
58,1881,96.753,257.34,290.45,543.16,1
58,1881,606.73,125.41,239.79,675.09,1
58,1882,123.77,257.34,263.43,543.16,1
58,1882,606.73,125.41,239.79,675.09,1
58,1883,86.621,285.41,300.58,515.09,1
58,1883,606.73,125.41,239.79,675.09,1
58,1884,73.112,330.32,263.43,470.18,1
58,1884,606.73,125.41,239.79,675.09,1
58,1885,73.112,321.9,263.43,478.6,1
58,1885,606.73,125.41,239.79,675.09,1
58,1886,73.112,321.9,263.43,478.6,1
58,1886,606.73,125.41,239.79,675.09,1
58,1887,73.112,321.9,263.43,478.6,1
58,1887,606.73,125.41,239.79,675.09,1
58,1888,56.226,321.9,280.32,478.6,1
58,1888,596.59,125.41,239.79,675.09,1
58,1889,56.226,321.9,280.32,478.6,1
58,1889,596.59,125.41,273.56,675.09,1
58,1890,56.226,321.9,280.32,478.6,1
58,1890,596.59,125.41,236.41,675.09,1
58,1891,56.226,321.9,344.49,478.6,1
58,1891,596.59,125.41,246.54,675.09,1
58,1892,49.471,321.9,378.26,478.6,1
58,1892,596.59,125.41,233.03,675.09,1
58,1893,49.471,321.9,378.26,478.6,1
58,1893,596.59,125.41,243.17,675.09,1
58,1894,49.471,321.9,378.26,478.6,1
58,1894,596.59,125.41,243.17,675.09,1
58,1895,49.471,321.9,378.26,478.6,1
58,1895,596.59,125.41,243.17,675.09,1
58,1896,49.471,321.9,378.26,478.6,1
58,1896,596.59,125.41,243.17,675.09,1
58,1897,49.471,333.13,287.07,467.37,1
58,1897,596.59,125.41,243.17,675.09,1
58,1898,66.358,333.13,270.18,467.37,1
58,1898,505.41,125.41,347.86,675.09,1
58,1899,66.358,333.13,270.18,467.37,1
58,1899,579.71,125.41,263.43,675.09,1
58,1900,66.358,333.13,270.18,467.37,1
58,1900,603.35,125.41,249.92,675.09,1
58,1901,66.358,333.13,270.18,467.37,1
58,1901,603.35,125.41,249.92,675.09,1
58,1902,66.358,333.13,270.18,467.37,1
58,1902,603.35,125.41,249.92,675.09,1
58,1903,66.358,333.13,270.18,467.37,1
58,1903,603.35,125.41,249.92,675.09,1
58,1904,66.358,333.13,270.18,467.37,1
58,1904,603.35,125.41,249.92,675.09,1
58,1905,86.621,305.06,260.05,495.44,1
58,1905,603.35,125.41,249.92,675.09,1
58,1906,113.64,271.38,233.03,529.12,1
58,1906,603.35,125.41,249.92,675.09,1
58,1907,113.64,271.38,233.03,529.12,1
58,1907,603.35,125.41,249.92,675.09,1
58,1908,130.53,271.38,216.15,529.12,1
58,1908,603.35,125.41,283.69,675.09,1
58,1909,137.28,319.1,249.92,481.4,1
58,1909,572.95,125.41,287.07,675.09,1
58,1910,181.19,372.43,300.58,428.07,1
58,1910,593.22,125.41,287.07,675.09,1
58,1911,353.43,386.46,300.58,414.04,1
58,1911,626.99,145.06,293.83,655.44,1
58,1912,606.73,484.71,300.58,315.79,1
58,1912,626.99,167.52,314.09,632.98,1
58,1913,954.59,507.17,325.91,293.33,1
58,1913,731.69,198.39,307.34,602.11,1
58,1914,957.97,218.04,263.43,582.46,1
58,1915,1082.9,237.69,197.57,562.81,1
58,1916,1150.5,338.75,130.03,461.75,1
58,2082,2.1887,459.45,243.17,341.05,1
58,2083,127.15,403.31,266.81,397.19,1
58,2084,241.98,319.1,287.07,481.4,1
58,2085,285.88,251.73,303.96,548.77,1
58,2086,360.18,204.01,239.79,596.49,1
58,2087,420.97,184.36,226.28,609.12,1
58,2087,150.79,532.43,270.18,268.07,1
58,2088,481.77,150.68,216.15,567.02,1
58,2088,319.66,406.11,293.83,394.39,1
58,2089,556.07,133.83,179,516.49,1
58,2089,485.14,321.9,351.24,478.6,1
58,2090,583.09,119.8,165.49,530.53,1
58,2090,593.22,265.76,297.2,534.74,1
58,2091,562.82,100.15,185.75,524.91,1
58,2091,657.39,223.66,273.56,576.84,1
58,2092,532.43,100.15,189.13,524.91,1
58,2092,711.42,192.78,273.56,607.72,1
58,2093,532.43,100.15,189.13,524.91,1
58,2093,738.44,170.32,239.79,552.98,1
58,2094,508.78,100.15,202.64,524.91,1
58,2094,772.22,170.32,206.02,552.98,1
58,2095,502.03,100.15,209.39,524.91,1
58,2095,735.06,170.32,222.9,552.98,1
58,2096,481.77,108.57,229.66,516.49,1
58,2096,735.06,159.1,222.9,569.82,1
58,2097,447.99,108.57,202.64,575.44,1
58,2097,789.1,150.68,172.24,578.25,1
58,2098,454.75,125.41,195.88,558.6,1
58,2098,789.1,150.68,195.88,578.25,1
58,2099,454.75,142.25,206.02,575.44,1
58,2099,789.1,150.68,219.53,578.25,1
58,2100,417.6,161.9,216.15,600.7,1
58,2100,789.1,170.32,219.53,558.6,1
58,2101,377.07,173.13,256.68,589.47,1
58,2101,809.37,170.32,226.28,558.6,1
58,2102,377.07,189.97,256.68,610.53,1
58,2102,799.23,170.32,206.02,564.21,1
58,2103,400.71,206.82,256.68,593.68,1
58,2103,745.2,170.32,226.28,564.21,1
58,2104,339.92,226.46,280.32,574.04,1
58,2104,714.8,170.32,236.41,564.21,1
58,2105,282.51,248.92,280.32,551.58,1
58,2105,714.8,170.32,236.41,564.21,1
58,2106,262.24,274.18,266.81,526.32,1
58,2106,654.01,164.71,256.68,555.79,1
58,2107,241.98,299.45,297.2,501.05,1
58,2107,586.46,164.71,253.3,516.49,1
58,2108,164.3,321.9,297.2,478.6,1
58,2108,488.52,164.71,222.9,538.95,1
58,2109,93.376,355.59,324.22,444.91,1
58,2109,360.18,181.55,260.05,524.91,1
58,2110,110.26,324.71,283.69,475.79,1
58,2110,292.64,220.85,280.32,494.04,1
58,2111,130.53,307.87,290.45,492.63,1
58,2111,204.83,251.73,216.15,471.58,1
58,2112,130.53,299.45,290.45,501.05,1
58,2112,59.603,296.64,216.15,471.58,1
58,2113,113.64,319.1,307.34,481.4,1
58,2113,0.5,358.39,184.06,442.11,1
58,2114,96.753,361.2,347.86,439.3,1
58,2115,130.53,394.89,330.98,405.61,1
58,2116,106.89,453.83,337.73,346.67,1
58,2117,49.471,568.92,253.3,231.58,1
58,2132,1005.2,439.8,275.25,360.7,1
58,2133,789.1,524.01,428.92,276.49,1
58,2134,930.95,684.01,260.05,116.49,1
58,2135,880.29,731.73,260.05,68.772,1
58,2136,880.29,731.73,233.03,68.772,1
58,2137,782.35,765.41,189.13,35.088,1
58,2138,282.51,779.45,189.13,21.053,1
58,2139,0.5,728.92,99.631,71.579,1
58,2140,0.5,762.61,45.594,37.895,1
58,2157,204.83,487.52,374.88,312.98,1
58,2158,589.84,347.17,395.15,453.33,1
58,2159,758.71,271.38,320.84,529.12,1
58,2160,792.48,257.34,287.07,543.16,1
58,2161,768.84,257.34,310.71,543.16,1
58,2162,768.84,257.34,310.71,543.16,1
58,2163,795.86,257.34,283.69,543.16,1
58,2164,785.72,251.73,293.83,548.77,1
58,2165,714.8,251.73,276.94,548.77,1
58,2166,603.35,251.73,354.62,548.77,1
58,2167,495.28,265.76,462.69,534.74,1
58,2168,404.09,347.17,401.9,453.33,1
58,2169,252.11,431.38,310.71,369.12,1
58,2170,103.51,512.78,320.84,287.72,1
58,2171,69.735,546.46,270.18,254.04,1
58,2172,0.5,563.31,278.63,237.19,1
58,2173,0.5,563.31,278.63,237.19,1
58,2174,0.5,563.31,221.21,237.19,1
58,2175,0.5,540.85,241.48,259.65,1
58,2176,0.5,563.31,282.01,237.19,1
58,2177,0.5,594.18,282.01,206.32,1
58,2178,0.5,591.38,282.01,209.12,1
58,2179,0.5,498.75,430.61,301.75,1
58,2180,25.83,442.61,405.28,357.89,1
58,2181,106.89,364.01,391.77,436.49,1
58,2182,201.45,321.9,371.5,478.6,1
58,2183,329.79,274.18,374.88,526.32,1
58,2184,434.48,251.73,320.84,548.77,1
58,2185,498.65,215.24,347.86,585.26,1
58,2186,475.01,215.24,300.58,585.26,1
58,2187,434.48,215.24,314.09,585.26,1
58,2188,434.48,215.24,314.09,585.26,1
58,2189,454.75,229.27,320.84,571.23,1
58,2190,481.77,215.24,293.83,585.26,1
58,2191,481.77,215.24,317.47,585.26,1
58,2192,437.86,248.92,344.49,551.58,1
58,2193,400.71,260.15,334.35,540.35,1
58,2194,353.43,321.9,293.83,478.6,1
58,2195,262.24,355.59,324.22,444.91,1
58,2196,181.19,335.94,307.34,464.56,1
58,2197,103.51,341.55,327.6,458.95,1
58,2198,0.5,352.78,352.93,447.72,1
58,2199,0.5,352.78,410.34,447.72,1
58,2200,54.537,347.17,417.1,453.33,1
58,2201,140.66,335.94,330.98,464.56,1
58,2202,221.71,288.22,391.77,512.28,1
58,2203,221.71,285.41,391.77,515.09,1
58,2204,177.81,285.41,412.03,515.09,1
58,2205,127.15,305.06,462.69,495.44,1
58,2206,110.26,296.64,408.65,503.86,1
58,2207,174.43,288.22,378.26,512.28,1
58,2208,174.43,288.22,371.5,512.28,1
58,2209,160.92,288.22,385.01,512.28,1
58,2210,127.15,288.22,388.39,512.28,1
58,2211,103.51,310.68,374.88,489.82,1
58,2212,184.56,291.03,341.11,509.47,1
58,2213,299.39,279.8,270.18,520.7,1
58,2214,414.22,276.99,290.45,520.7,1
58,2215,535.8,262.96,290.45,537.54,1
58,2216,684.41,246.11,270.18,554.39,1
58,2217,721.56,246.11,300.58,554.39,1
58,2218,721.56,274.18,320.84,526.32,1
58,2219,721.56,257.34,320.84,543.16,1
58,2220,718.18,240.5,273.56,560,1
58,2221,667.52,218.04,283.69,582.46,1
58,2222,566.2,218.04,310.71,582.46,1
58,2223,539.18,209.62,297.2,590.88,1
58,2224,576.33,209.62,310.71,590.88,1
58,2225,630.37,209.62,317.47,590.88,1
58,2226,630.37,229.27,317.47,571.23,1
58,2227,589.84,229.27,293.83,571.23,1
58,2228,542.56,229.27,300.58,571.23,1
58,2229,542.56,229.27,300.58,571.23,1
58,2230,559.44,229.27,310.71,571.23,1
58,2231,583.09,243.31,337.73,557.19,1
58,2231,86.621,434.18,243.17,366.32,1
58,2232,569.58,243.31,327.6,557.19,1
58,2232,86.621,375.24,280.32,425.26,1
58,2233,525.67,243.31,334.35,557.19,1
58,2233,86.621,333.13,317.47,467.37,1
58,2234,505.41,243.31,341.11,557.19,1
58,2234,86.621,279.8,317.47,520.7,1
58,2235,505.41,243.31,341.11,557.19,1
58,2235,86.621,279.8,280.32,520.7,1
58,2236,539.18,243.31,334.35,557.19,1
58,2236,62.98,279.8,290.45,520.7,1
58,2237,539.18,243.31,347.86,557.19,1
58,2237,62.98,268.57,324.22,531.93,1
58,2238,539.18,243.31,347.86,557.19,1
58,2238,73.112,248.92,314.09,551.58,1
58,2239,559.44,243.31,327.6,557.19,1
58,2239,123.77,237.69,263.43,562.81,1
58,2240,559.44,243.31,327.6,557.19,1
58,2240,123.77,237.69,263.43,562.81,1
58,2241,518.92,234.89,330.98,565.61,1
58,2241,123.77,237.69,273.56,562.81,1
58,2242,454.75,234.89,330.98,565.61,1
58,2242,154.17,237.69,260.05,562.81,1
58,2243,437.86,234.89,320.84,565.61,1
58,2243,154.17,237.69,260.05,562.81,1
58,2244,454.75,220.85,303.96,579.65,1
58,2244,154.17,229.27,246.54,571.23,1
58,2245,458.13,204.01,317.47,596.49,1
58,2245,117.02,229.27,283.69,571.23,1
58,2246,434.48,204.01,327.6,596.49,1
58,2246,83.244,243.31,303.96,557.19,1
58,2247,420.97,204.01,320.84,596.49,1
58,2247,49.471,271.38,337.73,529.12,1
58,2248,420.97,204.01,320.84,596.49,1
58,2248,49.471,299.45,256.68,501.05,1
58,2249,420.97,204.01,320.84,596.49,1
58,2249,49.471,316.29,236.41,484.21,1
58,2250,420.97,204.01,320.84,596.49,1
58,2251,420.97,204.01,320.84,596.49,1
58,2252,420.97,204.01,320.84,596.49,1
58,2253,420.97,204.01,320.84,596.49,1
58,2254,420.97,204.01,320.84,596.49,1
58,2255,390.58,220.85,334.35,579.65,1
58,2256,390.58,246.11,334.35,554.39,1
58,2257,502.03,262.96,401.9,537.54,1
58,2258,637.12,316.29,374.88,484.21,1
58,2259,914.06,372.43,330.98,428.07,1
58,3041,0.5,566.11,143.54,234.39,1
58,3042,206.52,425.76,275.25,374.74,1
58,3043,422.66,291.03,410.34,509.47,1
58,3044,551,234.89,498.15,565.61,1
58,3045,664.14,201.2,334.35,599.3,1
58,3046,603.35,189.97,260.05,610.53,1
58,3046,59.603,524.01,155.36,276.49,1
58,3047,572.95,173.13,249.92,627.37,1
58,3047,59.603,425.76,290.45,374.74,1
58,3048,491.9,173.13,290.45,589.47,1
58,3048,187.94,372.43,401.9,428.07,1
58,3049,454.75,173.13,236.41,589.47,1
58,3049,187.94,330.32,361.37,470.18,1
58,3050,478.39,173.13,212.77,589.47,1
58,3050,214.96,282.61,334.35,517.89,1
58,3051,488.52,150.68,226.28,611.93,1
58,3051,312.9,265.76,303.96,534.74,1
58,3052,488.52,150.68,226.28,611.93,1
58,3052,350.05,248.92,354.62,551.58,1
58,3053,444.62,150.68,246.54,538.95,1
58,3053,339.92,234.89,229.66,565.61,1
58,3054,400.71,150.68,290.45,538.95,1
58,3054,289.26,234.89,233.03,565.61,1
58,3055,400.71,150.68,290.45,555.79,1
58,3055,245.35,254.54,290.45,545.96,1
58,3056,458.13,150.68,233.03,555.79,1
58,3056,201.45,279.8,300.58,520.7,1
58,3057,498.65,150.68,209.39,631.58,1
58,3057,167.68,279.8,263.43,520.7,1
58,3058,518.92,173.13,219.53,609.12,1
58,3058,144.04,268.57,260.05,531.93,1
58,3059,535.8,173.13,263.43,609.12,1
58,3059,123.77,246.11,280.32,554.39,1
58,3060,535.8,184.36,263.43,597.89,1
58,3060,144.04,246.11,371.5,554.39,1
58,3061,535.8,184.36,263.43,597.89,1
58,3061,184.56,237.69,273.56,562.81,1
58,3062,535.8,170.32,263.43,611.93,1
58,3062,225.09,218.04,256.68,582.46,1
58,3063,410.84,170.32,388.39,611.93,1
58,3063,204.83,209.62,276.94,590.88,1
58,3064,502.03,170.32,297.2,611.93,1
58,3064,164.3,209.62,317.47,590.88,1
58,3065,620.24,170.32,219.53,630.18,1
58,3065,133.9,226.46,347.86,574.04,1
58,3066,586.46,170.32,226.28,630.18,1
58,3066,157.54,226.46,324.22,574.04,1
58,3067,556.07,232.08,256.68,568.42,1
58,3067,211.58,226.46,260.05,574.04,1
58,3068,633.75,268.57,303.96,531.93,1
58,3068,211.58,226.46,260.05,574.04,1
58,3069,802.61,313.48,283.69,487.02,1
58,3069,167.68,248.92,320.84,551.58,1
58,3070,1035.6,341.55,244.85,458.95,1
58,3070,181.19,279.8,283.69,520.7,1
58,3071,181.19,321.9,324.22,478.6,1
58,3072,89.999,417.34,371.5,383.16,1
58,3073,89.999,512.78,263.43,287.72,1
58,3270,1143.7,431.38,136.78,369.12,1
58,3271,1055.9,364.01,224.59,436.49,1
58,3272,846.52,431.38,401.9,369.12,1
58,3273,708.05,563.31,324.22,237.19,1
58,3274,974.85,358.39,280.32,442.11,1
58,3275,724.93,366.82,364.75,433.68,1
58,3276,545.94,436.99,297.2,363.51,1
58,3276,1079.6,375.24,200.95,425.26,1
58,3277,235.22,445.41,334.35,355.09,1
58,3277,947.84,420.15,332.66,380.35,1
58,3278,15.698,484.71,334.35,315.79,1
58,3278,822.87,481.9,385.01,318.6,1
58,3278,1096.4,361.2,184.06,439.3,1
58,3279,0.5,639.1,153.67,161.4,1
58,3279,667.52,538.04,385.01,262.46,1
58,3279,927.57,285.41,309.02,515.09,1
58,3280,721.56,650.32,263.43,150.18,1
58,3280,792.48,285.41,244.85,515.09,1
58,3281,755.33,650.32,229.66,150.18,1
58,3281,724.93,246.11,244.85,554.39,1
58,3282,799.23,611.03,222.9,189.47,1
58,3282,704.67,223.66,243.17,576.84,1
58,3283,741.82,546.46,314.09,254.04,1
58,3283,664.14,223.66,249.92,576.84,1
58,3284,741.82,546.46,314.09,254.04,1
58,3284,623.61,223.66,253.3,576.84,1
58,3285,741.82,580.15,314.09,220.35,1
58,3285,569.58,234.89,233.03,565.61,1
58,3286,529.05,543.66,327.6,256.84,1
58,3286,441.24,234.89,202.64,565.61,1
58,3287,306.15,613.83,307.34,186.67,1
58,3287,353.43,234.89,270.18,565.61,1
58,3288,39.339,678.39,236.41,122.11,1
58,3288,302.77,282.61,303.96,517.89,1
58,3289,204.83,349.97,300.58,450.53,1
58,3290,0.5,448.22,258.36,352.28,1
58,3301,2.1887,364.01,388.39,436.49,1
58,3302,157.54,302.25,368.13,498.25,1
58,3303,343.3,201.2,398.52,599.3,1
58,3304,522.29,161.9,357.99,638.6,1
58,3304,0.5,574.54,177.31,225.96,1
58,3305,650.63,147.87,388.39,652.63,1
58,3305,64.669,479.1,238.1,321.4,1
58,3306,745.2,122.61,327.6,634.39,1
58,3306,206.52,372.43,312.4,428.07,1
58,3307,785.72,122.61,287.07,634.39,1
58,3307,316.28,291.03,233.03,509.47,1
58,3307,0.5,563.31,190.82,237.19,1
58,3308,785.72,116.99,256.68,640,1
58,3308,309.52,291.03,239.79,509.47,1
58,3308,0.5,361.2,305.65,439.3,1
58,3309,735.06,102.96,256.68,595.09,1
58,3309,279.13,254.54,290.45,523.51,1
58,3309,93.376,335.94,303.96,464.56,1
58,3310,654.01,102.96,280.32,558.6,1
58,3310,319.66,229.27,206.02,548.77,1
58,3310,93.376,307.87,276.94,492.63,1
58,3311,633.75,97.342,233.03,558.6,1
58,3311,319.66,218.04,206.02,527.72,1
58,3311,19.075,268.57,297.2,531.93,1
58,3311,0.5,709.27,113.14,91.228,1
58,3312,610.1,83.307,222.9,522.11,1
58,3312,336.54,218.04,189.13,527.72,1
58,3312,0.5,279.8,298.89,520.7,1
58,3312,0.5,636.29,130.03,164.21,1
58,3313,559.44,83.307,226.28,496.84,1
58,3313,323.03,226.46,202.64,538.95,1
58,3313,0.5,279.8,268.5,520.7,1
58,3313,0.5,434.18,194.2,366.32,1
58,3314,542.56,83.307,212.77,496.84,1
58,3314,336.54,271.38,270.18,529.12,1
58,3314,0.5,265.76,268.5,534.74,1
58,3314,0.5,417.34,261.74,383.16,1
58,3315,542.56,83.307,212.77,496.84,1
58,3315,397.33,291.03,243.17,509.47,1
58,3315,19.075,248.92,249.92,551.58,1
58,3315,0.5,417.34,278.63,383.16,1
58,3316,542.56,83.307,212.77,496.84,1
58,3316,420.97,335.94,263.43,464.56,1
58,3316,19.075,248.92,280.32,551.58,1
58,3316,0.5,411.73,302.27,388.77,1
58,3317,542.56,83.307,212.77,496.84,1
58,3317,431.11,406.11,297.2,394.39,1
58,3317,0.5,248.92,288.76,551.58,1
58,3317,0.5,476.29,271.87,324.21,1
58,3318,566.2,80.5,212.77,496.84,1
58,3318,498.65,484.71,314.09,315.79,1
58,3318,0.5,262.96,288.76,537.54,1
58,3318,0.5,577.34,207.7,223.16,1
58,3319,566.2,80.5,212.77,496.84,1
58,3319,464.88,582.96,290.45,217.54,1
58,3319,0.5,262.96,288.76,537.54,1
58,3319,0.5,633.48,160.42,167.02,1
58,3320,566.2,80.5,212.77,496.84,1
58,3320,360.18,653.13,246.54,147.37,1
58,3320,0.5,262.96,288.76,537.54,1
58,3320,0.5,653.13,160.42,147.37,1
58,3321,566.2,80.5,212.77,496.84,1
58,3321,329.79,695.24,246.54,105.26,1
58,3321,0.5,262.96,288.76,537.54,1
58,3321,0.5,653.13,160.42,147.37,1
58,3322,566.2,80.5,212.77,496.84,1
58,3322,329.79,712.08,246.54,88.421,1
58,3322,0.5,262.96,288.76,537.54,1
58,3322,0.5,630.68,160.42,169.82,1
58,3323,566.2,80.5,212.77,496.84,1
58,3323,329.79,712.08,246.54,88.421,1
58,3323,0.5,262.96,288.76,537.54,1
58,3323,0.5,630.68,160.42,169.82,1
58,3324,566.2,80.5,212.77,496.84,1
58,3324,306.15,717.69,246.54,82.807,1
58,3324,0.5,262.96,275.25,537.54,1
58,3324,0.5,630.68,160.42,169.82,1
58,3325,566.2,80.5,192.51,496.84,1
58,3325,252.11,717.69,246.54,82.807,1
58,3325,0.5,262.96,275.25,537.54,1
58,3325,0.5,630.68,160.42,169.82,1
58,3326,539.18,80.5,219.53,496.84,1
58,3326,252.11,703.66,246.54,96.842,1
58,3326,0.5,262.96,275.25,537.54,1
58,3326,0.5,630.68,160.42,169.82,1
58,3327,539.18,86.114,192.51,547.37,1
58,3327,279.13,703.66,219.53,96.842,1
58,3327,0.5,262.96,275.25,537.54,1
58,3327,0.5,538.04,214.46,262.46,1
58,3328,539.18,86.114,192.51,547.37,1
58,3328,279.13,703.66,239.79,96.842,1
58,3328,0.5,262.96,275.25,537.54,1
58,3328,0.5,538.04,241.48,262.46,1
58,3329,539.18,100.15,192.51,533.33,1
58,3329,299.39,703.66,239.79,96.842,1
58,3329,0.5,262.96,275.25,537.54,1
58,3329,0.5,630.68,146.91,169.82,1
58,3330,508.78,100.15,212.77,569.82,1
58,3330,299.39,703.66,239.79,96.842,1
58,3330,0.5,262.96,275.25,537.54,1
58,3330,0.5,655.94,126.65,144.56,1
58,3331,454.75,116.99,216.15,575.44,1
58,3331,299.39,703.66,239.79,96.842,1
58,3331,0.5,262.96,278.63,537.54,1
58,3331,0.5,655.94,126.65,144.56,1
58,3332,427.73,116.99,243.17,575.44,1
58,3332,299.39,692.43,239.79,108.07,1
58,3332,0.5,262.96,278.63,537.54,1
58,3332,0.5,655.94,126.65,144.56,1
58,3333,447.99,116.99,222.9,575.44,1
58,3333,289.26,692.43,249.92,108.07,1
58,3333,0.5,262.96,278.63,537.54,1
58,3333,0.5,655.94,126.65,144.56,1
58,3334,447.99,133.83,222.9,558.6,1
58,3334,0.5,262.96,278.63,537.54,1
58,3334,0.5,655.94,126.65,144.56,1
58,3335,447.99,133.83,222.9,558.6,1
58,3335,0.5,262.96,278.63,537.54,1
58,3335,0.5,655.94,140.16,144.56,1
58,3336,447.99,133.83,229.66,558.6,1
58,3336,0.5,262.96,278.63,537.54,1
58,3336,0.5,487.52,197.57,312.98,1
58,3337,447.99,133.83,229.66,558.6,1
58,3337,0.5,262.96,278.63,537.54,1
58,3337,0.5,420.15,234.72,380.35,1
58,3338,447.99,122.61,229.66,569.82,1
58,3338,0.5,262.96,278.63,537.54,1
58,3338,0.5,361.2,258.36,439.3,1
58,3338,481.77,675.59,219.53,124.91,1
58,3339,447.99,128.22,229.66,564.21,1
58,3339,0.5,262.96,278.63,537.54,1
58,3339,0.5,355.59,302.27,444.91,1
58,3339,424.35,577.34,303.96,223.16,1
58,3340,447.99,133.83,229.66,558.6,1
58,3340,46.094,240.5,233.03,560,1
58,3340,25.83,355.59,290.45,444.91,1
58,3340,424.35,473.48,327.6,327.02,1
58,3341,447.99,133.83,229.66,558.6,1
58,3341,46.094,240.5,233.03,560,1
58,3341,15.698,366.82,337.73,433.68,1
58,3341,475.01,445.41,327.6,355.09,1
58,3342,447.99,133.83,229.66,558.6,1
58,3342,46.094,240.5,263.43,560,1
58,3342,0.5,369.62,352.93,430.88,1
58,3342,488.52,445.41,314.09,355.09,1
58,3343,454.75,133.83,222.9,558.6,1
58,3343,46.094,240.5,263.43,560,1
58,3343,0.5,369.62,369.82,430.88,1
58,3343,488.52,445.41,314.09,355.09,1
58,3344,454.75,133.83,222.9,558.6,1
58,3344,83.244,240.5,263.43,560,1
58,3344,0.5,369.62,288.76,430.88,1
58,3344,488.52,445.41,314.09,355.09,1
58,3345,454.75,133.83,222.9,558.6,1
58,3345,83.244,240.5,266.81,560,1
58,3345,0.5,493.13,150.29,307.37,1
58,3345,488.52,445.41,314.09,355.09,1
58,3346,441.24,128.22,219.53,564.21,1
58,3346,103.51,232.08,246.54,568.42,1
58,3346,0.5,487.52,130.03,312.98,1
58,3346,461.5,445.41,324.22,355.09,1
58,3347,427.73,128.22,233.03,564.21,1
58,3347,120.39,232.08,229.66,568.42,1
58,3347,0.5,380.85,211.08,419.65,1
58,3347,420.97,439.8,324.22,360.7,1
58,3348,427.73,128.22,233.03,564.21,1
58,3348,120.39,232.08,229.66,568.42,1
58,3348,0.5,372.43,254.99,428.07,1
58,3348,397.33,411.73,324.22,388.77,1
58,3349,427.73,128.22,219.53,564.21,1
58,3349,120.39,232.08,307.34,568.42,1
58,3349,0.5,375.24,268.5,425.26,1
58,3349,397.33,389.27,324.22,411.23,1
58,3350,441.24,128.22,226.28,564.21,1
58,3350,120.39,226.46,307.34,574.04,1
58,3350,0.5,330.32,336.04,470.18,1
58,3350,383.82,389.27,314.09,411.23,1
58,3351,441.24,128.22,226.28,564.21,1
58,3351,120.39,226.46,307.34,574.04,1
58,3351,35.962,330.32,320.84,470.18,1
58,3351,383.82,389.27,293.83,411.23,1
58,3352,441.24,128.22,226.28,564.21,1
58,3352,120.39,226.46,307.34,574.04,1
58,3352,22.453,330.32,334.35,470.18,1
58,3352,383.82,389.27,293.83,411.23,1
58,3353,441.24,128.22,226.28,564.21,1
58,3353,147.41,223.66,280.32,576.84,1
58,3353,0.5,372.43,356.31,428.07,1
58,3353,350.05,389.27,310.71,411.23,1
58,3354,441.24,128.22,226.28,564.21,1
58,3354,147.41,223.66,280.32,576.84,1
58,3354,0.5,392.08,271.87,408.42,1
58,3354,383.82,389.27,290.45,411.23,1
58,3355,441.24,128.22,226.28,564.21,1
58,3355,147.41,223.66,280.32,576.84,1
58,3355,0.5,366.82,302.27,433.68,1
58,3355,370.32,389.27,303.96,411.23,1
58,3356,441.24,128.22,226.28,564.21,1
58,3356,147.41,223.66,280.32,576.84,1
58,3356,0.5,338.75,271.87,461.75,1
58,3356,370.32,389.27,303.96,411.23,1
58,3357,441.24,128.22,226.28,564.21,1
58,3357,147.41,234.89,280.32,565.61,1
58,3357,0.5,344.36,282.01,456.14,1
58,3357,387.2,389.27,287.07,411.23,1
58,3358,441.24,128.22,226.28,564.21,1
58,3358,147.41,234.89,280.32,565.61,1
58,3358,0.5,347.17,315.78,453.33,1
58,3358,387.2,389.27,287.07,411.23,1
58,3359,441.24,128.22,226.28,564.21,1
58,3359,147.41,234.89,280.32,565.61,1
58,3359,0.5,344.36,359.68,456.14,1
58,3359,387.2,378.04,287.07,422.46,1
58,3360,441.24,128.22,226.28,564.21,1
58,3360,147.41,234.89,280.32,565.61,1
58,3360,0.5,378.04,359.68,422.46,1
58,3360,360.18,378.04,314.09,422.46,1
58,3361,441.24,128.22,226.28,564.21,1
58,3361,130.53,229.27,297.2,571.23,1
58,3361,0.5,364.01,359.68,436.49,1
58,3361,377.07,378.04,297.2,422.46,1
58,3362,441.24,128.22,226.28,564.21,1
58,3362,130.53,215.24,297.2,585.26,1
58,3362,0.5,358.39,359.68,442.11,1
58,3362,377.07,386.46,297.2,414.04,1
58,3363,441.24,128.22,226.28,564.21,1
58,3363,130.53,215.24,297.2,585.26,1
58,3363,0.5,344.36,359.68,456.14,1
58,3363,366.94,386.46,307.34,414.04,1
58,3364,441.24,128.22,226.28,564.21,1
58,3364,130.53,215.24,297.2,585.26,1
58,3364,0.5,344.36,359.68,456.14,1
58,3364,366.94,386.46,307.34,414.04,1
58,3365,441.24,128.22,226.28,564.21,1
58,3365,144.04,215.24,283.69,585.26,1
58,3365,0.5,364.01,258.36,436.49,1
58,3365,366.94,386.46,307.34,414.04,1
58,3366,441.24,128.22,226.28,564.21,1
58,3366,144.04,215.24,283.69,585.26,1
58,3366,0.5,414.54,200.95,385.96,1
58,3366,366.94,386.46,307.34,414.04,1
58,3367,441.24,128.22,226.28,564.21,1
58,3367,144.04,215.24,283.69,585.26,1
58,3367,0.5,366.82,241.48,433.68,1
58,3367,329.79,386.46,344.49,414.04,1
58,3368,441.24,128.22,226.28,564.21,1
58,3368,144.04,215.24,283.69,585.26,1
58,3368,0.5,344.36,359.68,456.14,1
58,3368,329.79,372.43,307.34,428.07,1
58,3369,441.24,128.22,226.28,564.21,1
58,3369,144.04,215.24,287.07,585.26,1
58,3369,0.5,355.59,238.1,444.91,1
58,3369,431.11,341.55,287.07,458.95,1
58,3370,441.24,128.22,226.28,564.21,1
58,3370,144.04,215.24,287.07,585.26,1
58,3370,0.5,369.62,268.5,430.88,1
58,3370,515.54,305.06,266.81,495.44,1
58,3371,441.24,128.22,226.28,564.21,1
58,3371,144.04,215.24,287.07,585.26,1
58,3371,0.5,352.78,271.87,447.72,1
58,3371,515.54,305.06,249.92,495.44,1
58,3372,441.24,128.22,226.28,564.21,1
58,3372,144.04,215.24,287.07,585.26,1
58,3372,0.5,344.36,359.68,456.14,1
58,3372,515.54,274.18,249.92,526.32,1
58,3373,441.24,128.22,226.28,564.21,1
58,3373,144.04,215.24,287.07,585.26,1
58,3373,0.5,344.36,359.68,456.14,1
58,3373,579.71,257.34,216.15,543.16,1
58,3374,441.24,128.22,226.28,564.21,1
58,3374,144.04,215.24,287.07,585.26,1
58,3374,0.5,330.32,302.27,470.18,1
58,3374,579.71,240.5,233.03,560,1
58,3375,441.24,128.22,226.28,564.21,1
58,3375,144.04,215.24,287.07,585.26,1
58,3375,0.5,361.2,342.8,439.3,1
58,3375,606.73,240.5,206.02,560,1
58,3376,441.24,128.22,226.28,564.21,1
58,3376,144.04,215.24,287.07,585.26,1
58,3376,0.5,378.04,359.68,422.46,1
58,3376,606.73,240.5,206.02,560,1
58,3377,441.24,128.22,226.28,564.21,1
58,3377,144.04,204.01,287.07,596.49,1
58,3377,0.5,369.62,359.68,430.88,1
58,3377,606.73,240.5,206.02,560,1
58,3378,441.24,128.22,226.28,564.21,1
58,3378,144.04,204.01,287.07,596.49,1
58,3378,0.5,344.36,359.68,456.14,1
58,3378,606.73,240.5,206.02,560,1
58,3379,441.24,119.8,226.28,572.63,1
58,3379,144.04,204.01,287.07,596.49,1
58,3379,0.5,327.52,309.02,472.98,1
58,3379,606.73,240.5,206.02,560,1
58,3380,441.24,119.8,226.28,572.63,1
58,3380,144.04,215.24,287.07,585.26,1
58,3380,0.5,327.52,339.42,472.98,1
58,3380,606.73,240.5,206.02,560,1
58,3381,441.24,119.8,226.28,572.63,1
58,3381,110.26,234.89,320.84,565.61,1
58,3381,0.5,400.5,282.01,400,1
58,3381,606.73,240.5,206.02,560,1
58,3382,441.24,119.8,226.28,572.63,1
58,3382,110.26,234.89,320.84,565.61,1
58,3382,0.5,532.43,214.46,268.07,1
58,3382,606.73,240.5,206.02,560,1
58,3383,441.24,119.8,226.28,572.63,1
58,3383,110.26,246.11,320.84,554.39,1
58,3383,0.5,543.66,177.31,256.84,1
58,3383,606.73,240.5,206.02,560,1
58,3384,441.24,119.8,226.28,572.63,1
58,3384,110.26,246.11,320.84,554.39,1
58,3384,0.5,543.66,177.31,256.84,1
58,3384,606.73,240.5,206.02,560,1
58,3385,441.24,119.8,226.28,572.63,1
58,3385,110.26,246.11,320.84,554.39,1
58,3385,0.5,372.43,184.06,428.07,1
58,3385,606.73,265.76,206.02,534.74,1
58,3386,441.24,119.8,226.28,572.63,1
58,3386,110.26,246.11,320.84,554.39,1
58,3386,0.5,349.97,224.59,450.53,1
58,3386,647.25,291.03,236.41,509.47,1
58,3387,404.09,139.45,273.56,572.63,1
58,3387,140.66,223.66,290.45,576.84,1
58,3387,0.5,389.27,305.65,411.23,1
58,3387,724.93,375.24,280.32,425.26,1
58,3388,431.11,139.45,256.68,603.51,1
58,3388,140.66,248.92,307.34,551.58,1
58,3388,68.046,442.61,349.55,357.89,1
58,3388,927.57,445.41,352.93,355.09,1
58,3389,481.77,139.45,256.68,603.51,1
58,3389,123.77,291.03,324.22,509.47,1
58,3389,250.42,431.38,440.74,369.12,1
58,3390,481.77,139.45,283.69,603.51,1
58,3390,235.22,321.9,364.75,478.6,1
58,3390,537.49,509.97,396.83,290.53,1
58,3391,512.16,187.17,297.2,613.33,1
58,3391,434.48,369.62,270.18,430.88,1
58,3391,969.79,515.59,310.71,284.91,1
58,3392,566.2,206.82,347.86,593.68,1
58,3392,741.82,408.92,303.96,391.58,1
58,3393,647.25,251.73,347.86,548.77,1
58,3393,1082.9,403.31,197.57,397.19,1
58,3394,735.06,288.22,442.43,512.28,1
58,3395,924.19,341.55,356.31,458.95,1
58,3396,1130.2,611.03,150.29,189.47,1
58,3548,1109.9,470.68,170.55,329.82,1
58,3549,927.57,417.34,352.93,383.16,1
58,3550,681.03,504.36,428.92,296.14,1
58,3551,708.05,639.1,256.68,161.4,1
58,3552,704.67,717.69,256.68,82.807,1
58,3552,1008.6,305.06,271.87,495.44,1
58,3553,704.67,768.22,222.9,32.281,1
58,3553,765.46,254.54,293.83,545.96,1
58,3554,613.48,254.54,361.37,545.96,1
58,3555,502.03,265.76,354.62,534.74,1
58,3555,1015.4,319.1,265.12,481.4,1
58,3556,299.39,265.76,374.88,534.74,1
58,3556,920.82,319.1,359.68,481.4,1
58,3557,140.66,310.68,364.75,489.82,1
58,3557,880.29,288.22,334.35,512.28,1
58,3558,0.5,392.08,265.12,408.42,1
58,3558,802.61,274.18,374.88,526.32,1
58,3559,714.8,274.18,378.26,526.32,1
58,3560,542.56,321.9,354.62,478.6,1
58,3561,356.81,344.36,344.49,456.14,1
58,3562,157.54,364.01,371.5,436.49,1
58,3562,532.43,608.22,246.54,192.28,1
58,3563,2.1887,448.22,371.5,352.28,1
58,3563,404.09,509.97,337.73,287.72,1
58,3564,231.85,498.75,412.03,301.75,1
58,3565,69.735,481.9,412.03,315.79,1
58,3566,69.735,698.04,236.41,99.649,1
58,3577,103.51,490.32,226.28,310.18,1
58,3578,356.81,349.97,368.13,450.53,1
58,3578,46.094,495.94,276.94,304.56,1
58,3579,586.46,285.41,324.22,515.09,1
58,3579,326.41,243.31,276.94,557.19,1
58,3580,711.42,246.11,317.47,554.39,1
58,3580,532.43,178.75,536.99,579.65,1
58,3581,751.95,209.62,276.94,590.88,1
58,3581,833.01,131.03,236.41,597.89,1
58,3582,751.95,209.62,233.03,590.88,1
58,3582,900.55,114.18,168.87,491.23,1
58,3583,751.95,209.62,249.92,590.88,1
58,3583,900.55,97.342,168.87,508.07,1
58,3583,15.698,361.2,341.11,439.3,1
58,3584,735.06,209.62,300.58,590.88,1
58,3584,860.03,94.535,124.96,502.46,1
58,3584,46.094,296.64,320.84,503.86,1
58,3584,127.15,456.64,327.6,343.86,1
58,3585,711.42,232.08,287.07,568.42,1
58,3585,795.86,94.535,189.13,502.46,1
58,3585,130.53,257.34,280.32,543.16,1
58,3585,370.32,378.04,327.6,422.46,1
58,3586,681.03,201.2,270.18,599.3,1
58,3586,846.52,131.03,202.64,586.67,1
58,3586,191.32,243.31,219.53,557.19,1
58,3586,566.2,366.82,327.6,433.68,1
58,3587,681.03,201.2,270.18,599.3,1
58,3587,846.52,131.03,202.64,586.67,1
58,3587,150.79,243.31,246.54,557.19,1
58,3587,883.67,380.85,327.6,419.65,1
58,3588,681.03,201.2,270.18,599.3,1
58,3588,846.52,147.87,185.75,569.82,1
58,3588,103.51,285.41,293.83,515.09,1
58,3588,1116.7,487.52,163.8,312.98,1
58,3589,681.03,234.89,270.18,565.61,1
58,3589,708.05,147.87,260.05,569.82,1
58,3589,103.51,333.13,317.47,467.37,1
58,3590,758.71,282.61,280.32,517.89,1
58,3590,684.41,173.13,283.69,625.96,1
58,3590,194.7,369.62,381.64,430.88,1
58,3591,924.19,335.94,341.11,464.56,1
58,3591,711.42,195.59,270.18,603.51,1
58,3591,319.66,467.87,320.84,332.63,1
58,3592,1120.1,495.94,145.22,304.56,1
58,3592,684.41,251.73,297.2,547.37,1
58,3592,637.12,498.75,320.84,301.75,1
58,3593,765.46,302.25,330.98,496.84,1
58,3593,1008.6,509.97,271.87,290.53,1
58,3594,920.82,285.41,359.68,515.09,1
58,3595,1055.9,335.94,224.59,464.56,1
